329 512 512
379 443 -1 1
385 433 -1 1
289 423 -1 1
386 415 -1 1
277 414 -1 1
277 413 -1 1
259 412 -1 1
392 412 -1 1
258 412 -1 1
333 410 -1 1
398 408 -1 1
384 406 -1 1
259 403 -1 1
403 397 -1 1
331 396 -1 1
392 393 -1 1
409 387 -1 1
209 384 -1 1
336 378 -1 1
335 378 -1 1
335 377 -1 1
332 376 -1 1
397 374 -1 1
404 371 -1 1
233 370 -1 1
233 369 -1 1
142 364 -1 1
133 358 -1 1
409 358 -1 1
134 358 -1 1
279 356 -1 1
167 355 -1 1
153 352 -1 1
173 352 -1 1
154 352 -1 1
187 350 -1 1
244 349 -1 1
159 349 -1 1
390 348 -1 1
390 347 -1 1
181 346 -1 1
181 345 -1 1
138 345 -1 1
394 341 -1 1
395 340 -1 1
134 339 -1 1
397 338 -1 1
398 337 -1 1
193 336 -1 1
178 336 -1 1
409 335 -1 1
409 334 -1 1
197 333 -1 1
167 333 -1 1
140 332 -1 1
202 330 -1 1
171 330 -1 1
156 330 -1 1
161 327 -1 1
396 326 -1 1
140 320 -1 1
158 317 -1 1
228 317 -1 1
159 317 -1 1
399 316 -1 1
415 313 -1 1
250 313 -1 1
205 312 -1 1
183 311 -1 1
258 311 -1 1
241 311 -1 1
197 311 -1 1
184 311 -1 1
174 309 -1 1
180 304 -1 1
104 304 -1 1
196 301 -1 1
346 299 -1 1
186 298 -1 1
250 298 -1 1
212 298 -1 1
200 298 -1 1
187 298 -1 1
149 298 -1 1
134 298 -1 1
177 295 -1 1
165 295 -1 1
350 295 -1 1
178 295 -1 1
166 295 -1 1
224 294 -1 1
206 292 -1 1
265 292 -1 1
207 292 -1 1
156 292 -1 1
345 291 -1 1
344 291 -1 1
345 290 -1 1
141 290 -1 1
140 290 -1 1
124 286 -1 1
123 286 -1 1
123 285 -1 1
194 282 -1 1
181 282 -1 1
209 279 -1 1
234 279 -1 1
210 279 -1 1
197 279 -1 1
184 279 -1 1
156 279 -1 1
238 276 -1 1
224 276 -1 1
239 276 -1 1
225 276 -1 1
101 276 -1 1
76 275 -1 1
352 273 -1 1
191 273 -1 1
352 272 -1 1
248 270 -1 1
194 270 -1 1
394 269 -1 1
393 269 -1 1
80 269 -1 1
130 268 -1 1
129 268 -1 1
98 267 -1 1
98 266 -1 1
262 266 -1 1
359 264 -1 1
391 263 -1 1
359 263 -1 1
390 263 -1 1
246 260 -1 1
218 260 -1 1
140 260 -1 1
128 260 -1 1
77 260 -1 1
234 257 -1 1
209 257 -1 1
180 257 -1 1
356 256 -1 1
111 256 -1 1
355 255 -1 1
270 254 -1 1
212 254 -1 1
271 254 -1 1
213 254 -1 1
96 254 -1 1
294 249 -1 1
231 248 -1 1
242 247 -1 1
307 245 -1 1
306 245 -1 1
235 244 -1 1
322 243 -1 1
173 242 -1 1
186 241 -1 1
187 241 -1 1
146 241 -1 1
219 238 -1 1
206 238 -1 1
99 238 -1 1
58 238 -1 1
192 237 -1 1
320 236 -1 1
193 236 -1 1
151 236 -1 1
288 235 -1 1
272 235 -1 1
222 235 -1 1
131 235 -1 1
102 235 -1 1
75 235 -1 1
61 235 -1 1
374 231 -1 1
374 230 -1 1
82 229 -1 1
52 229 -1 1
53 228 -1 1
52 228 -1 1
159 228 -1 1
311 225 -1 1
126 223 -1 1
334 222 -1 1
247 222 -1 1
126 222 -1 1
333 222 -1 1
248 222 -1 1
222 222 -1 1
443 220 -1 1
251 219 -1 1
225 219 -1 1
118 219 -1 1
81 219 -1 1
254 216 -1 1
255 216 -1 1
321 214 -1 1
320 214 -1 1
321 213 -1 1
73 213 -1 1
380 212 -1 1
60 210 -1 1
61 210 -1 1
175 209 -1 1
184 208 -1 1
238 205 -1 1
305 203 -1 1
136 200 -1 1
232 200 -1 1
213 200 -1 1
137 200 -1 1
232 199 -1 1
442 199 -1 1
442 198 -1 1
330 198 -1 1
330 197 -1 1
140 197 -1 1
235 196 -1 1
216 196 -1 1
143 194 -1 1
292 191 -1 1
292 190 -1 1
251 190 -1 1
210 190 -1 1
149 188 -1 1
94 185 -1 1
454 184 -1 1
153 184 -1 1
118 184 -1 1
453 183 -1 1
153 183 -1 1
325 181 -1 1
165 180 -1 1
165 179 -1 1
260 178 -1 1
261 178 -1 1
451 177 -1 1
450 177 -1 1
195 177 -1 1
311 176 -1 1
310 175 -1 1
311 175 -1 1
115 175 -1 1
99 172 -1 1
133 172 -1 1
214 170 -1 1
427 167 -1 1
139 167 -1 1
427 166 -1 1
224 165 -1 1
168 165 -1 1
111 165 -1 1
182 163 -1 1
114 162 -1 1
249 161 -1 1
211 160 -1 1
295 160 -1 1
250 160 -1 1
251 159 -1 1
174 159 -1 1
175 159 -1 1
102 158 -1 1
101 157 -1 1
304 156 -1 1
178 156 -1 1
104 156 -1 1
342 151 -1 1
221 151 -1 1
221 150 -1 1
422 149 -1 1
221 148 -1 1
157 146 -1 1
132 144 -1 1
191 143 -1 1
194 140 -1 1
114 140 -1 1
295 137 -1 1
118 137 -1 1
119 136 -1 1
201 134 -1 1
202 134 -1 1
114 131 -1 1
270 128 -1 1
321 127 -1 1
392 125 -1 1
378 123 -1 1
120 121 -1 1
361 118 -1 1
196 118 -1 1
183 118 -1 1
152 118 -1 1
199 115 -1 1
200 115 -1 1
187 115 -1 1
307 114 -1 1
203 112 -1 1
206 109 -1 1
206 108 -1 1
173 103 -1 1
207 91 -1 1
208 90 -1 1
207 90 -1 1
235 90 -1 1
236 89 -1 1
235 89 -1 1
219 89 -1 1
238 87 -1 1
212 85 -1 1
148 85 -1 1
250 82 -1 1
228 80 -1 1
229 80 -1 1
301 73 -1 1
256 73 -1 1
301 72 -1 1
254 70 -1 1
254 69 -1 1
253 69 -1 1
287 66 -1 1
183 66 -1 1
183 65 -1 1
258 63 -1 1
183 63 -1 1
296 60 -1 1
296 59 -1 1
259 56 -1 1
260 54 -1 1
