429 512 512
351 468 -1 1
341 465 -1 1
259 458 -1 1
258 458 -1 1
259 457 -1 1
301 455 -1 1
303 453 -1 1
304 453 -1 1
381 452 -1 1
396 447 -1 1
103 446 -1 1
349 440 -1 1
373 438 -1 1
374 437 -1 1
65 436 -1 1
398 435 -1 1
398 434 -1 1
305 434 -1 1
306 434 -1 1
358 433 -1 1
316 433 -1 1
84 432 -1 1
50 431 -1 1
242 430 -1 1
51 430 -1 1
50 430 -1 1
385 424 -1 1
122 424 -1 1
347 424 -1 1
320 422 -1 1
321 421 -1 1
80 421 -1 1
79 421 -1 1
79 420 -1 1
403 420 -1 1
332 420 -1 1
434 419 -1 1
403 419 -1 1
267 419 -1 1
407 419 -1 1
406 419 -1 1
323 419 -1 1
407 418 -1 1
324 418 -1 1
306 415 -1 1
448 414 -1 1
449 414 -1 1
137 412 -1 1
389 411 -1 1
214 410 -1 1
189 410 -1 1
189 409 -1 1
433 408 -1 1
282 407 -1 1
259 407 -1 1
283 406 -1 1
260 406 -1 1
101 404 -1 1
100 404 -1 1
252 400 -1 1
140 400 -1 1
132 400 -1 1
131 400 -1 1
115 400 -1 1
60 400 -1 1
253 399 -1 1
141 399 -1 1
132 399 -1 1
115 399 -1 1
412 399 -1 1
411 397 -1 1
408 397 -1 1
408 396 -1 1
409 396 -1 1
289 396 -1 1
290 395 -1 1
97 394 -1 1
123 393 -1 1
97 393 -1 1
124 393 -1 1
126 392 -1 1
125 392 -1 1
125 391 -1 1
292 390 -1 1
293 389 -1 1
156 389 -1 1
238 388 -1 1
215 388 -1 1
238 387 -1 1
149 387 -1 1
148 387 -1 1
149 386 -1 1
108 384 -1 1
321 383 -1 1
109 383 -1 1
176 382 -1 1
175 382 -1 1
154 379 -1 1
184 379 -1 1
153 379 -1 1
123 379 -1 1
237 378 -1 1
102 378 -1 1
238 377 -1 1
103 377 -1 1
226 375 -1 1
105 375 -1 1
60 375 -1 1
226 374 -1 1
106 374 -1 1
111 368 -1 1
112 367 -1 1
416 366 -1 1
417 365 -1 1
416 365 -1 1
228 365 -1 1
210 364 -1 1
124 364 -1 1
125 364 -1 1
365 363 -1 1
392 363 -1 1
391 363 -1 1
366 363 -1 1
391 362 -1 1
138 360 -1 1
118 358 -1 1
119 357 -1 1
220 356 -1 1
55 355 -1 1
56 354 -1 1
297 353 -1 1
265 352 -1 1
230 351 -1 1
210 351 -1 1
402 349 -1 1
134 348 -1 1
106 348 -1 1
135 348 -1 1
181 345 -1 1
180 343 -1 1
214 341 -1 1
178 340 -1 1
67 340 -1 1
68 339 -1 1
221 339 -1 1
222 338 -1 1
221 338 -1 1
232 336 -1 1
241 333 -1 1
242 332 -1 1
152 330 -1 1
193 329 -1 1
225 329 -1 1
163 328 -1 1
163 327 -1 1
234 326 -1 1
234 325 -1 1
77 324 -1 1
55 324 -1 1
78 323 -1 1
56 323 -1 1
80 320 -1 1
81 319 -1 1
433 315 -1 1
83 315 -1 1
84 314 -1 1
141 307 -1 1
140 307 -1 1
141 306 -1 1
178 305 -1 1
454 303 -1 1
315 303 -1 1
315 302 -1 1
331 300 -1 1
234 300 -1 1
257 298 -1 1
451 298 -1 1
451 297 -1 1
278 297 -1 1
219 295 -1 1
323 288 -1 1
408 283 -1 1
80 281 -1 1
81 281 -1 1
324 280 -1 1
254 277 -1 1
398 277 -1 1
311 276 -1 1
438 276 -1 1
438 275 -1 1
429 275 -1 1
428 275 -1 1
429 274 -1 1
457 273 -1 1
457 272 -1 1
248 271 -1 1
112 271 -1 1
451 263 -1 1
352 263 -1 1
451 262 -1 1
393 262 -1 1
78 260 -1 1
77 260 -1 1
77 259 -1 1
356 257 -1 1
146 256 -1 1
147 256 -1 1
457 254 -1 1
457 253 -1 1
165 252 -1 1
58 251 -1 1
59 250 -1 1
79 248 -1 1
308 247 -1 1
61 246 -1 1
62 246 -1 1
308 245 -1 1
118 244 -1 1
392 244 -1 1
119 244 -1 1
345 243 -1 1
308 243 -1 1
308 242 -1 1
99 242 -1 1
100 241 -1 1
240 239 -1 1
240 238 -1 1
76 237 -1 1
245 236 -1 1
246 235 -1 1
245 235 -1 1
184 235 -1 1
185 235 -1 1
276 230 -1 1
317 228 -1 1
246 225 -1 1
429 225 -1 1
80 222 -1 1
356 222 -1 1
81 222 -1 1
325 218 -1 1
432 216 -1 1
407 216 -1 1
115 216 -1 1
432 215 -1 1
116 215 -1 1
86 213 -1 1
87 212 -1 1
137 209 -1 1
419 209 -1 1
138 209 -1 1
121 206 -1 1
122 205 -1 1
218 205 -1 1
385 203 -1 1
385 202 -1 1
308 201 -1 1
307 200 -1 1
124 200 -1 1
125 200 -1 1
96 197 -1 1
410 197 -1 1
97 197 -1 1
410 196 -1 1
287 196 -1 1
352 195 -1 1
351 195 -1 1
308 191 -1 1
307 191 -1 1
317 189 -1 1
316 189 -1 1
277 188 -1 1
58 188 -1 1
59 187 -1 1
444 185 -1 1
435 184 -1 1
61 184 -1 1
62 183 -1 1
407 182 -1 1
108 182 -1 1
407 181 -1 1
109 181 -1 1
124 181 -1 1
367 180 -1 1
123 180 -1 1
366 180 -1 1
172 180 -1 1
124 180 -1 1
111 179 -1 1
112 178 -1 1
364 177 -1 1
155 177 -1 1
363 177 -1 1
114 176 -1 1
67 176 -1 1
115 175 -1 1
68 175 -1 1
372 175 -1 1
93 174 -1 1
94 174 -1 1
369 173 -1 1
369 172 -1 1
85 171 -1 1
121 170 -1 1
85 170 -1 1
122 169 -1 1
256 167 -1 1
255 167 -1 1
255 166 -1 1
208 166 -1 1
102 163 -1 1
103 162 -1 1
269 161 -1 1
61 159 -1 1
62 158 -1 1
212 156 -1 1
307 155 -1 1
372 154 -1 1
371 153 -1 1
99 153 -1 1
100 152 -1 1
117 152 -1 1
444 148 -1 1
168 147 -1 1
168 146 -1 1
123 145 -1 1
206 144 -1 1
206 143 -1 1
196 143 -1 1
197 142 -1 1
196 142 -1 1
195 140 -1 1
194 139 -1 1
287 138 -1 1
181 138 -1 1
142 138 -1 1
181 137 -1 1
142 137 -1 1
102 134 -1 1
103 133 -1 1
339 132 -1 1
338 131 -1 1
349 129 -1 1
348 128 -1 1
386 128 -1 1
385 127 -1 1
126 123 -1 1
86 123 -1 1
423 122 -1 1
390 122 -1 1
423 121 -1 1
389 121 -1 1
420 119 -1 1
375 119 -1 1
332 119 -1 1
420 118 -1 1
374 118 -1 1
331 118 -1 1
105 115 -1 1
106 114 -1 1
367 113 -1 1
301 113 -1 1
366 112 -1 1
301 112 -1 1
118 112 -1 1
119 111 -1 1
74 108 -1 1
75 108 -1 1
415 107 -1 1
352 107 -1 1
222 103 -1 1
200 103 -1 1
167 103 -1 1
114 103 -1 1
223 102 -1 1
200 102 -1 1
167 102 -1 1
115 102 -1 1
404 101 -1 1
214 97 -1 1
145 97 -1 1
108 97 -1 1
214 96 -1 1
146 96 -1 1
109 96 -1 1
86 96 -1 1
263 95 -1 1
87 95 -1 1
321 94 -1 1
320 93 -1 1
421 91 -1 1
420 91 -1 1
276 91 -1 1
275 91 -1 1
418 88 -1 1
417 88 -1 1
130 87 -1 1
131 86 -1 1
340 84 -1 1
317 84 -1 1
149 84 -1 1
134 84 -1 1
96 84 -1 1
339 83 -1 1
316 83 -1 1
150 83 -1 1
135 83 -1 1
97 83 -1 1
212 81 -1 1
212 80 -1 1
177 78 -1 1
126 78 -1 1
177 77 -1 1
127 77 -1 1
325 76 -1 1
117 74 -1 1
118 73 -1 1
152 72 -1 1
152 71 -1 1
360 65 -1 1
360 64 -1 1
401 62 -1 1
401 61 -1 1
348 56 -1 1
348 55 -1 1
394 55 -1 1
394 54 -1 1
344 53 -1 1
344 52 -1 1
