409 512 512
365 473 -1 1
365 472 -1 1
137 470 -1 1
130 470 -1 1
119 467 -1 1
436 466 -1 1
333 465 -1 1
61 465 -1 1
451 464 -1 1
334 464 -1 1
61 464 -1 1
60 464 -1 1
59 464 -1 1
55 464 -1 1
54 464 -1 1
60 463 -1 1
54 463 -1 1
74 463 -1 1
73 463 -1 1
73 462 -1 1
317 456 -1 1
318 455 -1 1
403 448 -1 1
410 444 -1 1
388 442 -1 1
443 439 -1 1
443 438 -1 1
457 438 -1 1
296 436 -1 1
220 436 -1 1
297 435 -1 1
296 435 -1 1
220 435 -1 1
222 434 -1 1
177 434 -1 1
421 434 -1 1
224 433 -1 1
418 423 -1 1
419 423 -1 1
342 422 -1 1
345 421 -1 1
347 419 -1 1
402 419 -1 1
412 418 -1 1
125 418 -1 1
125 417 -1 1
453 417 -1 1
452 417 -1 1
452 416 -1 1
405 414 -1 1
406 414 -1 1
358 412 -1 1
367 411 -1 1
359 411 -1 1
314 411 -1 1
315 411 -1 1
119 409 -1 1
119 408 -1 1
461 408 -1 1
294 408 -1 1
294 407 -1 1
461 407 -1 1
373 407 -1 1
317 406 -1 1
294 406 -1 1
318 405 -1 1
177 404 -1 1
205 400 -1 1
320 400 -1 1
321 399 -1 1
98 391 -1 1
98 390 -1 1
49 385 -1 1
306 384 -1 1
306 383 -1 1
305 383 -1 1
313 381 -1 1
374 380 -1 1
375 379 -1 1
400 379 -1 1
399 379 -1 1
310 379 -1 1
399 378 -1 1
76 378 -1 1
75 377 -1 1
437 376 -1 1
418 374 -1 1
419 373 -1 1
470 372 -1 1
182 371 -1 1
409 371 -1 1
410 370 -1 1
371 369 -1 1
232 368 -1 1
164 367 -1 1
231 366 -1 1
131 366 -1 1
434 363 -1 1
435 363 -1 1
229 363 -1 1
229 362 -1 1
331 359 -1 1
330 358 -1 1
329 358 -1 1
71 358 -1 1
181 355 -1 1
46 354 -1 1
45 354 -1 1
450 352 -1 1
440 352 -1 1
451 351 -1 1
441 351 -1 1
133 351 -1 1
132 351 -1 1
134 350 -1 1
137 349 -1 1
443 346 -1 1
75 346 -1 1
444 345 -1 1
327 343 -1 1
305 342 -1 1
304 342 -1 1
305 341 -1 1
228 341 -1 1
193 340 -1 1
193 339 -1 1
140 338 -1 1
105 336 -1 1
245 335 -1 1
213 334 -1 1
212 333 -1 1
213 333 -1 1
206 327 -1 1
207 326 -1 1
354 326 -1 1
194 326 -1 1
390 325 -1 1
272 325 -1 1
271 325 -1 1
246 320 -1 1
294 319 -1 1
434 317 -1 1
435 317 -1 1
239 305 -1 1
359 304 -1 1
298 304 -1 1
358 303 -1 1
297 303 -1 1
359 303 -1 1
298 303 -1 1
292 300 -1 1
292 299 -1 1
143 296 -1 1
188 296 -1 1
188 295 -1 1
244 295 -1 1
224 295 -1 1
245 294 -1 1
224 294 -1 1
246 293 -1 1
422 292 -1 1
422 291 -1 1
120 286 -1 1
204 283 -1 1
49 283 -1 1
137 282 -1 1
172 281 -1 1
415 279 -1 1
403 277 -1 1
186 277 -1 1
403 276 -1 1
402 276 -1 1
186 276 -1 1
275 276 -1 1
219 270 -1 1
220 270 -1 1
65 270 -1 1
76 267 -1 1
222 266 -1 1
223 266 -1 1
161 261 -1 1
161 260 -1 1
146 258 -1 1
147 257 -1 1
154 255 -1 1
154 254 -1 1
416 254 -1 1
415 253 -1 1
416 253 -1 1
324 252 -1 1
322 252 -1 1
320 252 -1 1
318 252 -1 1
317 252 -1 1
160 252 -1 1
317 251 -1 1
160 251 -1 1
255 250 -1 1
255 249 -1 1
382 245 -1 1
140 238 -1 1
135 233 -1 1
135 232 -1 1
460 232 -1 1
74 232 -1 1
460 231 -1 1
182 231 -1 1
439 228 -1 1
47 228 -1 1
71 227 -1 1
226 223 -1 1
63 223 -1 1
63 222 -1 1
408 220 -1 1
140 220 -1 1
124 220 -1 1
408 219 -1 1
407 219 -1 1
140 219 -1 1
124 219 -1 1
324 219 -1 1
154 218 -1 1
116 214 -1 1
61 214 -1 1
117 213 -1 1
184 213 -1 1
185 212 -1 1
348 212 -1 1
73 211 -1 1
437 210 -1 1
438 209 -1 1
429 208 -1 1
205 207 -1 1
181 204 -1 1
182 203 -1 1
312 201 -1 1
43 200 -1 1
257 199 -1 1
327 199 -1 1
331 194 -1 1
376 194 -1 1
58 190 -1 1
57 184 -1 1
62 183 -1 1
177 182 -1 1
145 180 -1 1
298 179 -1 1
298 178 -1 1
314 178 -1 1
314 177 -1 1
126 177 -1 1
125 177 -1 1
125 176 -1 1
228 176 -1 1
142 175 -1 1
233 174 -1 1
146 170 -1 1
442 170 -1 1
276 170 -1 1
275 170 -1 1
111 170 -1 1
110 170 -1 1
110 169 -1 1
125 168 -1 1
456 168 -1 1
227 168 -1 1
140 168 -1 1
457 167 -1 1
434 163 -1 1
183 160 -1 1
152 159 -1 1
142 159 -1 1
139 158 -1 1
140 158 -1 1
222 156 -1 1
221 156 -1 1
211 156 -1 1
170 156 -1 1
221 155 -1 1
170 155 -1 1
453 153 -1 1
454 152 -1 1
387 150 -1 1
387 149 -1 1
386 149 -1 1
431 149 -1 1
432 148 -1 1
431 148 -1 1
385 147 -1 1
176 146 -1 1
384 146 -1 1
82 145 -1 1
450 145 -1 1
451 144 -1 1
208 143 -1 1
456 140 -1 1
320 140 -1 1
457 139 -1 1
324 138 -1 1
323 138 -1 1
324 137 -1 1
434 137 -1 1
435 136 -1 1
232 136 -1 1
231 135 -1 1
230 135 -1 1
461 134 -1 1
201 134 -1 1
41 134 -1 1
461 133 -1 1
450 133 -1 1
201 133 -1 1
451 133 -1 1
198 131 -1 1
198 130 -1 1
153 130 -1 1
197 129 -1 1
196 129 -1 1
197 128 -1 1
196 124 -1 1
195 122 -1 1
463 117 -1 1
259 117 -1 1
464 117 -1 1
213 117 -1 1
440 115 -1 1
441 114 -1 1
468 114 -1 1
427 114 -1 1
416 112 -1 1
204 112 -1 1
455 111 -1 1
456 111 -1 1
235 110 -1 1
228 109 -1 1
218 107 -1 1
205 104 -1 1
465 101 -1 1
464 101 -1 1
465 100 -1 1
353 100 -1 1
436 98 -1 1
465 94 -1 1
404 93 -1 1
263 93 -1 1
223 93 -1 1
262 92 -1 1
263 92 -1 1
324 90 -1 1
324 89 -1 1
431 88 -1 1
431 87 -1 1
447 87 -1 1
353 86 -1 1
460 86 -1 1
434 86 -1 1
409 81 -1 1
408 81 -1 1
408 80 -1 1
452 76 -1 1
325 75 -1 1
324 75 -1 1
325 74 -1 1
60 73 -1 1
202 69 -1 1
385 69 -1 1
201 68 -1 1
383 68 -1 1
200 68 -1 1
391 67 -1 1
411 67 -1 1
412 66 -1 1
346 66 -1 1
411 66 -1 1
345 66 -1 1
197 65 -1 1
198 65 -1 1
357 64 -1 1
357 63 -1 1
356 63 -1 1
337 61 -1 1
259 61 -1 1
259 60 -1 1
384 59 -1 1
324 54 -1 1
268 54 -1 1
261 54 -1 1
268 53 -1 1
267 53 -1 1
261 53 -1 1
260 53 -1 1
266 53 -1 1
263 53 -1 1
342 51 -1 1
322 51 -1 1
311 50 -1 1
291 48 -1 1
290 48 -1 1
291 47 -1 1
292 47 -1 1
202 47 -1 1
293 46 -1 1
389 46 -1 1
294 46 -1 1
202 46 -1 1
294 45 -1 1
376 45 -1 1
375 45 -1 1
277 43 -1 1
