314 512 512
156 470 -1 1
263 470 -1 1
155 470 -1 1
263 469 -1 1
382 463 -1 1
225 463 -1 1
166 463 -1 1
381 463 -1 1
165 463 -1 1
162 460 -1 1
161 460 -1 1
320 458 -1 1
146 448 -1 1
147 448 -1 1
143 442 -1 1
142 442 -1 1
235 440 -1 1
234 440 -1 1
396 439 -1 1
267 439 -1 1
268 438 -1 1
267 438 -1 1
206 435 -1 1
205 435 -1 1
389 429 -1 1
388 429 -1 1
196 429 -1 1
196 428 -1 1
359 427 -1 1
265 425 -1 1
264 425 -1 1
420 419 -1 1
336 416 -1 1
177 416 -1 1
177 415 -1 1
275 402 -1 1
274 401 -1 1
275 401 -1 1
151 400 -1 1
151 399 -1 1
136 399 -1 1
251 394 -1 1
250 394 -1 1
251 393 -1 1
392 388 -1 1
392 387 -1 1
336 386 -1 1
135 382 -1 1
108 381 -1 1
159 380 -1 1
108 380 -1 1
104 378 -1 1
210 377 -1 1
104 377 -1 1
140 373 -1 1
139 373 -1 1
382 372 -1 1
125 372 -1 1
382 371 -1 1
353 371 -1 1
124 371 -1 1
354 371 -1 1
146 370 -1 1
137 370 -1 1
145 370 -1 1
136 370 -1 1
197 362 -1 1
196 361 -1 1
442 361 -1 1
197 361 -1 1
442 360 -1 1
135 359 -1 1
135 358 -1 1
96 357 -1 1
95 357 -1 1
317 356 -1 1
267 356 -1 1
132 356 -1 1
317 355 -1 1
266 355 -1 1
132 355 -1 1
434 355 -1 1
434 354 -1 1
357 354 -1 1
358 354 -1 1
322 353 -1 1
323 352 -1 1
326 350 -1 1
327 349 -1 1
71 347 -1 1
41 347 -1 1
41 346 -1 1
207 344 -1 1
320 344 -1 1
206 344 -1 1
173 339 -1 1
57 338 -1 1
56 338 -1 1
333 337 -1 1
332 337 -1 1
333 336 -1 1
411 334 -1 1
412 334 -1 1
269 333 -1 1
230 329 -1 1
229 329 -1 1
392 327 -1 1
313 326 -1 1
296 326 -1 1
80 324 -1 1
79 324 -1 1
211 323 -1 1
281 322 -1 1
92 322 -1 1
54 322 -1 1
166 321 -1 1
92 321 -1 1
165 320 -1 1
79 316 -1 1
80 316 -1 1
311 315 -1 1
312 314 -1 1
97 314 -1 1
417 313 -1 1
97 313 -1 1
314 311 -1 1
315 310 -1 1
118 307 -1 1
282 304 -1 1
281 303 -1 1
400 303 -1 1
62 302 -1 1
155 300 -1 1
154 300 -1 1
322 298 -1 1
314 292 -1 1
96 292 -1 1
315 291 -1 1
84 291 -1 1
85 290 -1 1
84 290 -1 1
211 286 -1 1
317 286 -1 1
318 285 -1 1
51 285 -1 1
50 284 -1 1
51 284 -1 1
322 280 -1 1
323 279 -1 1
356 274 -1 1
399 272 -1 1
303 272 -1 1
268 271 -1 1
62 264 -1 1
276 263 -1 1
296 263 -1 1
466 259 -1 1
465 259 -1 1
379 259 -1 1
465 258 -1 1
369 255 -1 1
368 254 -1 1
369 254 -1 1
79 254 -1 1
176 251 -1 1
244 247 -1 1
297 238 -1 1
296 238 -1 1
129 237 -1 1
128 237 -1 1
128 236 -1 1
127 236 -1 1
265 233 -1 1
56 230 -1 1
273 229 -1 1
420 229 -1 1
419 229 -1 1
220 229 -1 1
420 228 -1 1
321 225 -1 1
133 224 -1 1
134 223 -1 1
296 222 -1 1
296 221 -1 1
182 220 -1 1
319 219 -1 1
182 219 -1 1
159 216 -1 1
160 215 -1 1
150 215 -1 1
151 215 -1 1
210 213 -1 1
197 213 -1 1
144 213 -1 1
211 212 -1 1
198 212 -1 1
197 212 -1 1
235 210 -1 1
236 209 -1 1
153 209 -1 1
154 209 -1 1
67 208 -1 1
66 208 -1 1
165 207 -1 1
166 206 -1 1
145 206 -1 1
145 205 -1 1
144 205 -1 1
331 205 -1 1
208 204 -1 1
241 204 -1 1
241 203 -1 1
112 202 -1 1
305 202 -1 1
284 201 -1 1
284 200 -1 1
137 200 -1 1
247 200 -1 1
53 195 -1 1
241 195 -1 1
52 195 -1 1
241 194 -1 1
121 194 -1 1
112 191 -1 1
51 191 -1 1
179 190 -1 1
113 190 -1 1
67 189 -1 1
103 188 -1 1
104 187 -1 1
103 187 -1 1
70 187 -1 1
298 186 -1 1
171 185 -1 1
172 184 -1 1
468 184 -1 1
468 183 -1 1
54 183 -1 1
175 182 -1 1
161 182 -1 1
175 181 -1 1
162 181 -1 1
312 180 -1 1
165 179 -1 1
165 178 -1 1
274 178 -1 1
227 176 -1 1
184 176 -1 1
92 176 -1 1
307 175 -1 1
227 175 -1 1
185 175 -1 1
93 175 -1 1
306 175 -1 1
369 168 -1 1
91 166 -1 1
143 165 -1 1
42 165 -1 1
76 163 -1 1
390 162 -1 1
232 159 -1 1
397 157 -1 1
208 157 -1 1
168 157 -1 1
208 156 -1 1
169 156 -1 1
134 156 -1 1
122 156 -1 1
109 156 -1 1
135 156 -1 1
173 154 -1 1
173 153 -1 1
176 152 -1 1
277 150 -1 1
140 150 -1 1
141 150 -1 1
300 147 -1 1
300 146 -1 1
115 146 -1 1
297 144 -1 1
296 143 -1 1
287 138 -1 1
286 137 -1 1
151 136 -1 1
280 135 -1 1
279 134 -1 1
228 121 -1 1
68 117 -1 1
131 113 -1 1
444 110 -1 1
443 109 -1 1
75 108 -1 1
355 107 -1 1
354 107 -1 1
360 102 -1 1
310 100 -1 1
310 99 -1 1
305 97 -1 1
305 96 -1 1
349 96 -1 1
193 95 -1 1
186 93 -1 1
242 92 -1 1
179 86 -1 1
178 86 -1 1
178 85 -1 1
102 78 -1 1
256 78 -1 1
101 78 -1 1
256 77 -1 1
135 67 -1 1
129 54 -1 1
319 48 -1 1
217 48 -1 1
