4633 800 768
106 766 -1 1
7 766 -1 1
107 765 -1 1
9 765 -1 2
8 765 -1 2
9 764 -1 2
101 763 -1 2
99 763 -1 2
101 762 -1 2
100 762 -1 2
98 762 -1 2
102 761 -1 2
101 761 -1 2
99 761 -1 2
95 761 -1 1
102 760 -1 2
100 760 -1 2
99 760 -1 2
98 760 -1 2
101 759 -1 2
100 759 -1 2
99 759 -1 2
97 759 -1 2
100 758 -1 2
98 758 -1 2
106 756 -1 2
106 755 -1 2
111 754 -1 1
110 754 -1 1
105 754 -1 1
45 751 -1 2
41 751 -1 1
129 750 -1 1
121 750 -1 1
115 750 -1 1
110 750 -1 1
109 750 -1 1
99 750 -1 1
45 750 -1 2
44 750 -1 2
42 750 -1 2
130 749 -1 1
127 749 -1 1
125 749 -1 1
122 749 -1 2
112 749 -1 1
96 749 -1 1
45 749 -1 2
41 749 -1 2
40 749 -1 2
128 748 -1 1
124 748 -1 2
123 748 -1 2
121 748 -1 2
113 748 -1 1
110 748 -1 2
97 748 -1 2
47 748 -1 1
41 748 -1 2
123 747 -1 2
122 747 -1 2
121 747 -1 2
120 747 -1 2
117 747 -1 1
111 747 -1 2
110 747 -1 2
40 747 -1 2
121 746 -1 2
114 746 -1 1
111 746 -1 2
38 746 -1 1
134 745 -1 1
129 745 -1 2
110 745 -1 2
106 745 -1 1
104 745 -1 1
98 745 -1 2
95 745 -1 1
135 744 -1 1
129 744 -1 2
109 744 -1 2
106 744 -1 2
104 744 -1 2
99 744 -1 2
98 744 -1 2
46 744 -1 1
129 743 -1 2
128 743 -1 2
126 743 -1 2
122 743 -1 2
121 743 -1 2
107 743 -1 2
106 743 -1 2
104 743 -1 2
103 743 -1 2
102 743 -1 2
99 743 -1 2
98 743 -1 2
129 742 -1 2
128 742 -1 2
127 742 -1 2
125 742 -1 2
120 742 -1 2
106 742 -1 2
105 742 -1 2
103 742 -1 2
100 742 -1 2
126 741 -1 2
125 741 -1 2
124 741 -1 2
106 741 -1 2
99 741 -1 2
98 741 -1 2
97 741 -1 1
51 741 -1 1
34 741 -1 2
130 740 -1 2
122 740 -1 1
99 740 -1 2
33 740 -1 2
130 739 -1 2
129 739 -1 2
105 739 -1 2
104 739 -1 2
98 739 -1 2
97 739 -1 1
53 739 -1 2
45 739 -1 2
33 739 -1 2
32 739 -1 2
130 738 -1 2
129 738 -1 2
128 738 -1 2
104 738 -1 2
99 738 -1 1
94 738 -1 1
46 738 -1 2
45 738 -1 2
44 738 -1 2
36 738 -1 1
32 738 -1 2
31 738 -1 2
130 737 -1 2
128 737 -1 2
47 737 -1 2
46 737 -1 2
45 737 -1 2
43 737 -1 1
39 737 -1 2
36 737 -1 2
31 737 -1 2
30 737 -1 2
130 736 -1 2
129 736 -1 2
121 736 -1 1
90 736 -1 1
58 736 -1 1
51 736 -1 1
45 736 -1 2
38 736 -1 2
37 736 -1 2
35 736 -1 2
29 736 -1 1
137 735 -1 2
121 735 -1 1
58 735 -1 2
50 735 -1 2
49 735 -1 2
44 735 -1 2
38 735 -1 2
35 735 -1 2
34 735 -1 2
131 734 -1 2
60 734 -1 1
57 734 -1 1
49 734 -1 2
48 734 -1 2
39 734 -1 2
34 734 -1 2
33 734 -1 2
28 734 -1 1
136 733 -1 2
131 733 -1 2
130 733 -1 2
129 733 -1 1
124 733 -1 1
49 733 -1 2
28 733 -1 1
137 732 -1 2
136 732 -1 2
48 732 -1 1
136 731 -1 2
131 731 -1 2
125 731 -1 1
57 731 -1 1
56 731 -1 1
130 730 -1 2
129 730 -1 2
121 730 -1 1
39 730 -1 2
137 729 -1 1
129 729 -1 2
128 729 -1 2
125 729 -1 1
122 729 -1 1
65 729 -1 1
25 729 -1 1
126 728 -1 1
68 728 -1 2
67 728 -1 2
59 728 -1 1
29 728 -1 1
26 728 -1 2
132 727 -1 1
81 727 -1 1
68 727 -1 2
67 727 -1 2
27 727 -1 2
26 727 -1 2
131 726 -1 1
126 726 -1 2
82 726 -1 1
76 726 -1 2
75 726 -1 2
68 726 -1 2
58 726 -1 2
126 725 -1 2
75 725 -1 2
74 725 -1 2
73 725 -1 2
18 725 -1 1
17 725 -1 1
75 724 -1 2
73 724 -1 2
72 724 -1 2
69 724 -1 2
22 724 -1 1
127 723 -1 2
126 723 -1 1
76 723 -1 2
72 723 -1 2
69 723 -1 2
68 723 -1 2
43 723 -1 1
128 722 -1 2
75 722 -1 2
69 722 -1 2
68 722 -1 2
61 722 -1 1
129 721 -1 2
74 721 -1 2
71 721 -1 2
70 721 -1 2
44 721 -1 1
130 720 -1 2
129 720 -1 2
75 720 -1 2
74 720 -1 2
70 720 -1 2
69 720 -1 2
68 720 -1 2
67 720 -1 2
62 720 -1 2
53 720 -1 1
131 719 -1 2
129 719 -1 2
128 719 -1 2
74 719 -1 2
71 719 -1 1
69 719 -1 2
67 719 -1 2
62 719 -1 2
61 719 -1 2
60 719 -1 2
128 718 -1 2
73 718 -1 1
69 718 -1 2
68 718 -1 2
60 718 -1 2
59 718 -1 2
70 717 -1 2
69 717 -1 2
67 717 -1 2
59 717 -1 2
58 717 -1 2
38 717 -1 1
59 716 -1 2
75 715 -1 2
74 715 -1 2
73 715 -1 2
71 715 -1 2
65 715 -1 1
60 715 -1 2
59 715 -1 2
8 715 -1 1
74 714 -1 2
72 714 -1 2
70 714 -1 2
61 714 -1 2
58 714 -1 1
36 714 -1 2
35 714 -1 2
127 713 -1 2
74 713 -1 1
69 713 -1 2
63 713 -1 2
62 713 -1 2
60 713 -1 2
34 713 -1 1
125 712 -1 1
84 712 -1 1
83 712 -1 2
82 712 -1 2
71 712 -1 1
66 712 -1 2
65 712 -1 2
64 712 -1 2
63 712 -1 2
61 712 -1 2
8 712 -1 1
87 711 -1 2
86 711 -1 2
82 711 -1 2
81 711 -1 2
67 711 -1 2
65 711 -1 2
63 711 -1 2
62 711 -1 2
60 711 -1 2
8 711 -1 1
88 710 -1 2
87 710 -1 2
82 710 -1 2
81 710 -1 2
68 710 -1 2
67 710 -1 2
63 710 -1 2
61 710 -1 2
86 709 -1 1
82 709 -1 2
69 709 -1 2
68 709 -1 2
60 709 -1 1
83 708 -1 1
69 708 -1 2
68 707 -1 1
86 706 -1 1
92 705 -1 1
86 705 -1 2
83 705 -1 2
82 705 -1 2
68 705 -1 1
67 705 -1 1
87 704 -1 2
85 704 -1 2
84 704 -1 2
83 704 -1 2
82 704 -1 2
81 704 -1 2
78 704 -1 2
77 704 -1 2
90 703 -1 2
89 703 -1 2
88 703 -1 2
86 703 -1 2
84 703 -1 2
82 703 -1 2
79 703 -1 2
78 703 -1 2
77 703 -1 2
90 702 -1 2
88 702 -1 2
78 702 -1 2
88 701 -1 2
77 701 -1 1
110 700 -1 1
96 700 -1 2
88 700 -1 2
87 700 -1 2
109 699 -1 1
103 699 -1 2
102 699 -1 2
101 699 -1 2
100 699 -1 2
95 699 -1 2
94 699 -1 2
87 699 -1 2
102 698 -1 2
95 698 -1 2
90 698 -1 2
102 697 -1 2
94 697 -1 2
90 697 -1 2
89 697 -1 2
88 697 -1 2
108 696 -1 1
90 696 -1 2
88 696 -1 2
89 695 -1 2
106 694 -1 1
97 693 -1 1
87 693 -1 1
21 693 -1 2
109 692 -1 1
20 692 -1 1
86 691 -1 1
107 690 -1 2
86 690 -1 1
108 689 -1 2
107 689 -1 2
106 689 -1 2
107 688 -1 2
106 688 -1 2
89 687 -1 1
91 685 -1 2
92 684 -1 2
91 684 -1 2
90 683 -1 1
92 682 -1 1
100 681 -1 2
99 681 -1 2
98 681 -1 2
98 680 -1 2
99 679 -1 2
98 679 -1 2
97 679 -1 2
96 679 -1 2
95 679 -1 2
99 678 -1 2
98 678 -1 2
96 678 -1 2
98 677 -1 2
97 677 -1 2
95 677 -1 2
98 676 -1 2
96 676 -1 2
94 676 -1 1
94 672 -1 1
93 671 -1 1
156 668 -1 2
157 667 -1 2
156 667 -1 2
152 667 -1 2
160 666 -1 2
156 666 -1 2
154 666 -1 2
153 666 -1 2
159 665 -1 2
158 665 -1 2
157 665 -1 2
156 665 -1 2
155 665 -1 2
154 665 -1 2
153 665 -1 2
152 665 -1 2
159 664 -1 2
157 664 -1 2
155 664 -1 2
153 664 -1 2
160 663 -1 1
157 663 -1 2
156 662 -1 2
155 661 -1 1
154 658 -1 1
153 657 -1 2
152 657 -1 2
148 656 -1 1
147 655 -1 1
414 654 -1 2
414 653 -1 2
413 651 -1 2
413 650 -1 2
412 650 -1 2
150 650 -1 2
149 650 -1 2
413 649 -1 2
151 649 -1 2
149 649 -1 2
148 649 -1 2
412 648 -1 2
411 648 -1 2
152 648 -1 2
151 648 -1 2
411 647 -1 2
153 647 -1 2
152 647 -1 2
146 641 -1 2
145 640 -1 2
144 640 -1 2
35 640 -1 2
34 640 -1 2
407 639 -1 2
145 639 -1 2
144 639 -1 2
35 639 -1 2
34 639 -1 2
408 638 -1 2
407 638 -1 2
406 638 -1 2
146 638 -1 2
145 638 -1 2
35 638 -1 2
407 637 -1 2
147 637 -1 2
146 637 -1 2
36 637 -1 2
154 636 -1 1
36 636 -1 2
35 636 -1 2
142 635 -1 1
406 634 -1 2
153 634 -1 2
149 634 -1 2
155 633 -1 2
154 633 -1 2
153 633 -1 2
152 633 -1 2
151 633 -1 2
150 633 -1 2
149 633 -1 2
147 633 -1 2
145 633 -1 2
35 633 -1 1
158 632 -1 2
157 632 -1 2
156 632 -1 2
155 632 -1 2
151 632 -1 2
150 632 -1 2
148 632 -1 2
147 632 -1 2
146 632 -1 2
43 632 -1 1
42 632 -1 1
404 631 -1 1
401 631 -1 1
158 631 -1 2
157 631 -1 2
150 631 -1 2
147 631 -1 2
36 631 -1 1
156 630 -1 1
149 630 -1 1
146 630 -1 2
145 630 -1 2
44 630 -1 1
167 629 -1 1
161 629 -1 1
145 629 -1 2
46 629 -1 1
43 629 -1 2
42 629 -1 2
169 628 -1 2
168 628 -1 2
47 628 -1 2
42 628 -1 2
41 628 -1 2
183 627 -1 2
182 627 -1 2
173 627 -1 1
170 627 -1 2
169 627 -1 2
145 627 -1 1
49 627 -1 2
46 627 -1 1
184 626 -1 2
183 626 -1 2
182 626 -1 2
181 626 -1 2
180 626 -1 2
179 626 -1 2
173 626 -1 2
170 626 -1 2
162 626 -1 2
152 626 -1 2
151 626 -1 2
150 626 -1 2
147 626 -1 1
144 626 -1 1
50 626 -1 2
184 625 -1 2
180 625 -1 2
178 625 -1 2
174 625 -1 2
172 625 -1 2
171 625 -1 2
170 625 -1 2
169 625 -1 2
163 625 -1 2
162 625 -1 2
161 625 -1 2
158 625 -1 1
152 625 -1 2
151 625 -1 2
150 625 -1 2
149 625 -1 2
148 625 -1 2
51 625 -1 2
49 625 -1 2
183 624 -1 1
178 624 -1 2
177 624 -1 2
176 624 -1 2
173 624 -1 2
168 624 -1 2
165 624 -1 2
164 624 -1 2
163 624 -1 2
162 624 -1 2
161 624 -1 2
158 624 -1 2
152 624 -1 2
151 624 -1 2
149 624 -1 2
52 624 -1 2
51 624 -1 2
50 624 -1 2
44 624 -1 2
399 623 -1 2
177 623 -1 2
175 623 -1 1
169 623 -1 1
167 623 -1 2
166 623 -1 2
164 623 -1 2
160 623 -1 2
159 623 -1 2
158 623 -1 2
157 623 -1 2
52 623 -1 2
49 623 -1 1
43 623 -1 2
398 622 -1 1
177 622 -1 2
172 622 -1 1
167 622 -1 2
161 622 -1 1
159 622 -1 2
156 622 -1 1
53 622 -1 1
218 621 -1 1
215 621 -1 1
166 621 -1 1
163 621 -1 1
44 621 -1 2
217 620 -1 2
216 620 -1 2
186 620 -1 2
159 620 -1 2
156 620 -1 2
53 620 -1 1
48 620 -1 1
45 620 -1 2
44 620 -1 2
396 619 -1 1
217 619 -1 2
187 619 -1 2
186 619 -1 2
185 619 -1 2
183 619 -1 2
159 619 -1 2
158 619 -1 2
157 619 -1 2
156 619 -1 2
45 619 -1 2
217 618 -1 2
186 618 -1 2
184 618 -1 2
183 618 -1 2
160 618 -1 2
159 618 -1 2
157 618 -1 2
51 618 -1 2
50 618 -1 2
219 617 -1 1
214 617 -1 2
191 617 -1 1
188 617 -1 1
186 617 -1 2
185 617 -1 2
161 617 -1 2
50 617 -1 2
49 617 -1 2
45 617 -1 2
393 616 -1 1
215 616 -1 2
214 616 -1 2
190 616 -1 2
187 616 -1 2
185 616 -1 2
184 616 -1 2
162 616 -1 2
160 616 -1 1
49 616 -1 2
48 616 -1 2
46 616 -1 2
45 616 -1 2
215 615 -1 2
191 615 -1 2
190 615 -1 2
186 615 -1 2
184 615 -1 2
162 615 -1 2
48 615 -1 2
47 615 -1 2
45 615 -1 2
213 614 -1 1
195 614 -1 2
192 614 -1 2
191 614 -1 2
190 614 -1 2
189 614 -1 2
161 614 -1 1
44 614 -1 1
195 613 -1 2
194 613 -1 2
193 613 -1 2
191 613 -1 2
189 613 -1 2
224 612 -1 2
215 612 -1 1
203 612 -1 1
195 612 -1 2
188 612 -1 2
185 612 -1 2
389 611 -1 1
224 611 -1 2
214 611 -1 2
212 611 -1 2
203 611 -1 2
196 611 -1 2
189 611 -1 2
188 611 -1 2
187 611 -1 2
186 611 -1 2
185 611 -1 2
184 611 -1 2
183 611 -1 2
388 610 -1 1
214 610 -1 2
213 610 -1 2
212 610 -1 2
204 610 -1 2
203 610 -1 2
202 610 -1 2
198 610 -1 2
197 610 -1 2
189 610 -1 2
187 610 -1 2
183 610 -1 2
182 610 -1 2
213 609 -1 2
203 609 -1 2
202 609 -1 2
199 609 -1 2
198 609 -1 2
196 609 -1 2
188 609 -1 2
187 609 -1 2
182 609 -1 2
228 608 -1 2
227 608 -1 2
226 608 -1 1
221 608 -1 2
219 608 -1 1
206 608 -1 1
201 608 -1 2
200 608 -1 2
191 608 -1 2
187 608 -1 2
229 607 -1 2
228 607 -1 2
222 607 -1 2
221 607 -1 2
201 607 -1 2
200 607 -1 2
192 607 -1 2
191 607 -1 2
186 607 -1 2
230 606 -1 2
202 606 -1 2
201 606 -1 2
197 606 -1 1
193 606 -1 2
192 606 -1 2
187 606 -1 2
186 606 -1 2
184 606 -1 2
183 606 -1 2
229 605 -1 2
228 605 -1 2
198 605 -1 2
193 605 -1 2
191 605 -1 2
186 605 -1 2
185 605 -1 2
183 605 -1 2
229 604 -1 2
205 604 -1 2
204 604 -1 2
194 604 -1 2
186 604 -1 2
794 603 -1 1
229 603 -1 2
228 603 -1 2
205 603 -1 2
204 603 -1 2
203 603 -1 2
202 603 -1 1
196 603 -1 2
195 603 -1 2
188 603 -1 2
187 603 -1 2
796 602 -1 2
795 602 -1 2
231 602 -1 2
230 602 -1 2
229 602 -1 2
215 602 -1 1
210 602 -1 2
209 602 -1 2
207 602 -1 2
206 602 -1 2
205 602 -1 2
196 602 -1 2
187 602 -1 2
796 601 -1 2
795 601 -1 2
231 601 -1 2
230 601 -1 2
229 601 -1 2
215 601 -1 2
211 601 -1 2
210 601 -1 2
199 601 -1 1
197 601 -1 2
196 601 -1 2
195 601 -1 2
188 601 -1 2
187 601 -1 2
186 601 -1 2
185 601 -1 2
230 600 -1 2
229 600 -1 2
228 600 -1 2
227 600 -1 1
216 600 -1 2
214 600 -1 2
212 600 -1 2
211 600 -1 2
204 600 -1 2
202 600 -1 2
196 600 -1 2
195 600 -1 2
188 600 -1 2
187 600 -1 2
186 600 -1 2
184 600 -1 2
796 599 -1 2
795 599 -1 2
793 599 -1 1
229 599 -1 2
217 599 -1 2
215 599 -1 2
214 599 -1 2
213 599 -1 2
210 599 -1 1
204 599 -1 2
203 599 -1 2
202 599 -1 2
196 599 -1 2
187 599 -1 2
796 598 -1 2
795 598 -1 2
794 598 -1 2
228 598 -1 2
218 598 -1 2
217 598 -1 2
216 598 -1 2
215 598 -1 2
206 598 -1 2
205 598 -1 2
203 598 -1 2
196 598 -1 2
797 597 -1 2
795 597 -1 2
228 597 -1 2
215 597 -1 2
210 597 -1 1
205 597 -1 2
197 597 -1 2
196 597 -1 2
186 597 -1 1
797 596 -1 2
796 596 -1 2
227 596 -1 2
226 596 -1 2
224 596 -1 2
206 596 -1 2
205 596 -1 2
198 596 -1 2
197 596 -1 2
797 595 -1 2
226 595 -1 2
225 595 -1 2
224 595 -1 2
214 595 -1 2
212 595 -1 2
208 595 -1 2
207 595 -1 2
206 595 -1 2
203 595 -1 1
199 595 -1 2
198 595 -1 2
196 595 -1 2
27 595 -1 2
798 594 -1 1
225 594 -1 2
214 594 -1 2
213 594 -1 2
212 594 -1 2
211 594 -1 2
210 594 -1 2
209 594 -1 2
207 594 -1 2
205 594 -1 2
204 594 -1 2
199 594 -1 2
198 594 -1 2
195 594 -1 2
192 594 -1 1
27 594 -1 2
26 594 -1 2
218 593 -1 2
216 593 -1 2
215 593 -1 2
214 593 -1 2
213 593 -1 2
211 593 -1 2
209 593 -1 2
206 593 -1 2
204 593 -1 2
203 593 -1 2
202 593 -1 2
201 593 -1 2
200 593 -1 2
194 593 -1 2
192 593 -1 2
190 593 -1 2
26 593 -1 2
24 593 -1 1
798 592 -1 1
219 592 -1 2
218 592 -1 2
217 592 -1 2
214 592 -1 2
212 592 -1 2
210 592 -1 2
204 592 -1 2
202 592 -1 2
199 592 -1 1
194 592 -1 2
193 592 -1 2
192 592 -1 2
191 592 -1 2
25 592 -1 2
797 591 -1 2
374 591 -1 1
219 591 -1 2
217 591 -1 2
214 591 -1 2
213 591 -1 2
211 591 -1 2
206 591 -1 1
193 591 -1 2
26 591 -1 1
17 591 -1 2
798 590 -1 1
796 590 -1 2
795 590 -1 2
373 590 -1 1
218 590 -1 2
217 590 -1 2
216 590 -1 2
214 590 -1 2
212 590 -1 2
196 590 -1 2
18 590 -1 2
17 590 -1 2
796 589 -1 2
795 589 -1 2
792 589 -1 1
217 589 -1 2
215 589 -1 2
197 589 -1 2
196 589 -1 2
193 589 -1 1
190 589 -1 1
18 589 -1 2
798 588 -1 2
797 588 -1 2
372 588 -1 1
196 588 -1 2
19 588 -1 2
18 588 -1 2
798 587 -1 2
797 587 -1 2
790 587 -1 1
372 587 -1 1
196 587 -1 2
195 587 -1 2
192 587 -1 2
191 587 -1 2
21 587 -1 2
20 587 -1 2
19 587 -1 2
18 587 -1 2
17 587 -1 2
369 586 -1 1
196 586 -1 2
193 586 -1 2
192 586 -1 2
191 586 -1 2
22 586 -1 1
20 586 -1 2
17 586 -1 2
368 585 -1 1
197 585 -1 2
192 585 -1 2
796 584 -1 1
198 584 -1 2
196 584 -1 1
368 583 -1 1
366 582 -1 1
197 582 -1 2
196 582 -1 2
196 581 -1 2
195 581 -1 2
192 581 -1 2
193 580 -1 2
192 580 -1 2
191 580 -1 2
192 579 -1 2
788 577 -1 2
789 576 -1 2
362 576 -1 2
793 575 -1 2
362 575 -1 2
361 575 -1 2
361 574 -1 2
793 573 -1 2
793 572 -1 2
792 572 -1 2
356 569 -1 1
356 567 -1 2
355 567 -1 2
784 566 -1 1
355 566 -1 2
354 566 -1 2
789 565 -1 2
788 565 -1 2
785 565 -1 1
98 565 -1 1
788 564 -1 2
787 564 -1 2
786 563 -1 2
785 563 -1 2
783 563 -1 1
786 562 -1 2
785 562 -1 2
784 562 -1 2
101 562 -1 1
785 561 -1 2
351 560 -1 1
786 559 -1 2
106 559 -1 1
785 558 -1 2
109 558 -1 1
786 557 -1 2
348 557 -1 1
785 556 -1 2
786 555 -1 1
783 554 -1 2
781 554 -1 2
780 554 -1 2
783 553 -1 2
782 553 -1 2
781 553 -1 2
782 552 -1 2
778 548 -1 2
779 547 -1 1
777 547 -1 2
774 535 -1 1
773 534 -1 2
772 534 -1 1
774 533 -1 2
775 532 -1 2
774 532 -1 2
775 531 -1 2
773 531 -1 2
779 528 -1 1
778 527 -1 1
770 519 -1 2
770 518 -1 2
769 517 -1 1
770 510 -1 1
769 510 -1 1
767 508 -1 1
772 507 -1 1
768 507 -1 2
773 506 -1 1
768 506 -1 2
67 505 -1 2
66 505 -1 2
67 504 -1 2
66 504 -1 2
65 504 -1 2
765 503 -1 1
68 503 -1 2
66 503 -1 2
765 502 -1 1
68 502 -1 2
67 502 -1 2
69 501 -1 2
56 501 -1 2
69 500 -1 2
68 500 -1 2
67 500 -1 1
57 500 -1 2
761 499 -1 1
70 499 -1 2
58 499 -1 2
761 498 -1 1
70 498 -1 2
69 498 -1 2
68 498 -1 2
67 498 -1 1
63 498 -1 2
61 498 -1 2
60 498 -1 2
70 497 -1 2
69 497 -1 2
62 497 -1 2
61 497 -1 2
63 496 -1 2
60 496 -1 1
64 495 -1 2
62 495 -1 1
55 495 -1 2
53 495 -1 2
87 494 -1 2
65 494 -1 2
64 494 -1 2
54 494 -1 2
88 493 -1 2
87 493 -1 2
67 493 -1 2
55 493 -1 2
48 493 -1 2
88 492 -1 2
62 492 -1 1
56 492 -1 2
55 492 -1 2
52 492 -1 1
49 492 -1 2
48 492 -1 2
47 492 -1 2
46 492 -1 2
88 491 -1 2
87 491 -1 2
57 491 -1 2
56 491 -1 2
55 491 -1 2
53 491 -1 2
50 491 -1 2
49 491 -1 2
47 491 -1 2
55 490 -1 2
54 490 -1 2
53 490 -1 2
52 490 -1 2
51 490 -1 2
50 490 -1 2
91 489 -1 1
55 489 -1 2
54 489 -1 2
52 489 -1 2
90 488 -1 2
91 487 -1 2
90 487 -1 2
89 487 -1 2
87 487 -1 2
66 487 -1 1
91 486 -1 2
90 486 -1 2
89 486 -1 2
88 486 -1 2
87 486 -1 2
79 486 -1 2
616 485 -1 2
90 485 -1 2
88 485 -1 2
83 485 -1 1
82 485 -1 2
80 485 -1 2
79 485 -1 2
78 485 -1 2
70 485 -1 1
617 484 -1 2
615 484 -1 2
78 484 -1 2
77 484 -1 2
73 484 -1 1
72 484 -1 1
70 484 -1 1
67 484 -1 1
616 483 -1 2
614 483 -1 2
77 483 -1 2
76 483 -1 2
616 482 -1 2
615 482 -1 2
76 482 -1 2
75 482 -1 2
616 481 -1 2
614 481 -1 2
75 481 -1 2
74 481 -1 2
616 480 -1 2
615 480 -1 2
76 480 -1 2
75 480 -1 2
72 480 -1 2
71 480 -1 2
65 480 -1 1
616 479 -1 2
75 479 -1 2
72 479 -1 2
67 479 -1 2
66 479 -1 2
32 479 -1 2
616 478 -1 2
615 478 -1 2
66 478 -1 2
33 478 -1 2
32 478 -1 2
616 477 -1 2
613 477 -1 1
73 477 -1 2
617 476 -1 2
616 476 -1 2
89 476 -1 1
33 476 -1 1
616 475 -1 2
80 475 -1 1
75 475 -1 2
72 475 -1 2
90 474 -1 2
76 474 -1 2
74 474 -1 2
73 474 -1 2
72 474 -1 2
69 474 -1 2
65 474 -1 2
760 473 -1 2
97 473 -1 1
82 473 -1 1
79 473 -1 2
76 473 -1 2
75 473 -1 2
74 473 -1 2
72 473 -1 2
71 473 -1 2
70 473 -1 2
69 473 -1 2
68 473 -1 2
67 473 -1 2
66 473 -1 2
65 473 -1 2
64 473 -1 2
40 473 -1 1
760 472 -1 2
616 472 -1 2
100 472 -1 2
91 472 -1 1
88 472 -1 2
84 472 -1 1
79 472 -1 2
78 472 -1 2
72 472 -1 2
70 472 -1 2
67 472 -1 2
65 472 -1 2
64 472 -1 2
63 472 -1 2
62 472 -1 1
59 472 -1 1
42 472 -1 2
41 472 -1 2
31 472 -1 2
616 471 -1 2
615 471 -1 2
614 471 -1 1
100 471 -1 2
99 471 -1 2
98 471 -1 2
88 471 -1 2
87 471 -1 2
84 471 -1 2
81 471 -1 2
80 471 -1 2
64 471 -1 2
31 471 -1 2
30 471 -1 2
616 470 -1 2
99 470 -1 2
98 470 -1 2
97 470 -1 2
87 470 -1 2
86 470 -1 2
85 470 -1 2
84 470 -1 2
83 470 -1 2
82 470 -1 2
81 470 -1 2
80 470 -1 2
70 470 -1 2
58 470 -1 2
57 470 -1 2
55 470 -1 2
37 470 -1 2
33 470 -1 2
31 470 -1 2
762 469 -1 2
761 469 -1 2
760 469 -1 1
615 469 -1 1
98 469 -1 2
97 469 -1 2
91 469 -1 2
83 469 -1 2
81 469 -1 2
79 469 -1 2
74 469 -1 1
71 469 -1 2
70 469 -1 2
69 469 -1 2
57 469 -1 2
56 469 -1 2
38 469 -1 2
37 469 -1 2
36 469 -1 2
35 469 -1 2
34 469 -1 2
33 469 -1 2
32 469 -1 2
31 469 -1 2
29 469 -1 1
764 468 -1 2
763 468 -1 2
92 468 -1 2
91 468 -1 2
84 468 -1 2
83 468 -1 2
80 468 -1 2
78 468 -1 1
72 468 -1 1
70 468 -1 2
69 468 -1 2
68 468 -1 2
56 468 -1 2
55 468 -1 2
39 468 -1 2
38 468 -1 2
36 468 -1 2
34 468 -1 2
30 468 -1 2
764 467 -1 2
763 467 -1 2
762 467 -1 2
94 467 -1 2
93 467 -1 2
87 467 -1 1
86 467 -1 2
85 467 -1 2
84 467 -1 2
82 467 -1 2
80 467 -1 2
70 467 -1 2
68 467 -1 2
56 467 -1 2
39 467 -1 2
33 467 -1 1
29 467 -1 2
27 467 -1 2
26 467 -1 2
764 466 -1 2
762 466 -1 2
95 466 -1 2
94 466 -1 2
85 466 -1 2
83 466 -1 2
81 466 -1 2
79 466 -1 2
78 466 -1 2
70 466 -1 2
69 466 -1 2
56 466 -1 2
55 466 -1 2
38 466 -1 2
28 466 -1 2
27 466 -1 2
26 466 -1 2
25 466 -1 2
97 465 -1 2
96 465 -1 2
95 465 -1 2
93 465 -1 2
85 465 -1 2
78 465 -1 2
77 465 -1 2
70 465 -1 2
65 465 -1 2
56 465 -1 2
55 465 -1 2
37 465 -1 2
36 465 -1 2
28 465 -1 2
26 465 -1 2
758 464 -1 1
757 464 -1 1
98 464 -1 2
97 464 -1 2
84 464 -1 1
77 464 -1 2
72 464 -1 1
71 464 -1 2
70 464 -1 2
69 464 -1 2
66 464 -1 2
65 464 -1 2
47 464 -1 2
46 464 -1 2
45 464 -1 2
36 464 -1 2
35 464 -1 2
34 464 -1 2
33 464 -1 1
28 464 -1 2
27 464 -1 2
100 463 -1 2
96 463 -1 1
91 463 -1 1
69 463 -1 2
68 463 -1 2
66 463 -1 2
58 463 -1 1
52 463 -1 2
51 463 -1 2
49 463 -1 2
48 463 -1 2
47 463 -1 2
45 463 -1 2
44 463 -1 2
43 463 -1 2
35 463 -1 2
29 463 -1 2
28 463 -1 2
101 462 -1 2
100 462 -1 2
92 462 -1 1
67 462 -1 2
66 462 -1 2
56 462 -1 2
51 462 -1 2
50 462 -1 2
49 462 -1 2
44 462 -1 2
34 462 -1 2
30 462 -1 2
29 462 -1 2
67 461 -1 2
57 461 -1 2
56 461 -1 2
52 461 -1 2
50 461 -1 2
34 461 -1 2
30 461 -1 2
68 460 -1 1
66 460 -1 2
56 460 -1 2
40 460 -1 1
39 460 -1 2
38 460 -1 2
65 459 -1 2
62 459 -1 1
59 459 -1 1
56 459 -1 2
55 459 -1 2
54 459 -1 2
34 459 -1 2
31 459 -1 2
85 458 -1 1
62 458 -1 2
58 458 -1 2
57 458 -1 2
56 458 -1 2
54 458 -1 2
53 458 -1 2
45 458 -1 1
36 458 -1 2
35 458 -1 2
34 458 -1 2
33 458 -1 2
32 458 -1 2
31 458 -1 2
30 458 -1 2
87 457 -1 2
63 457 -1 2
62 457 -1 2
58 457 -1 2
57 457 -1 2
55 457 -1 2
53 457 -1 2
45 457 -1 2
39 457 -1 2
38 457 -1 2
37 457 -1 2
34 457 -1 2
30 457 -1 2
92 456 -1 1
86 456 -1 1
65 456 -1 1
62 456 -1 2
59 456 -1 2
56 456 -1 2
54 456 -1 2
45 456 -1 2
44 456 -1 2
40 456 -1 2
39 456 -1 2
38 456 -1 2
35 456 -1 1
761 455 -1 1
760 455 -1 2
759 455 -1 2
64 455 -1 2
62 455 -1 2
59 455 -1 2
58 455 -1 2
44 455 -1 2
37 455 -1 1
33 455 -1 2
759 454 -1 2
758 454 -1 2
91 454 -1 2
89 454 -1 2
70 454 -1 1
69 454 -1 2
68 454 -1 2
65 454 -1 2
64 454 -1 2
63 454 -1 2
62 454 -1 2
61 454 -1 2
60 454 -1 2
57 454 -1 2
46 454 -1 2
44 454 -1 2
43 454 -1 2
34 454 -1 2
33 454 -1 2
32 454 -1 2
758 453 -1 2
92 453 -1 2
91 453 -1 2
90 453 -1 2
89 453 -1 2
88 453 -1 2
87 453 -1 2
85 453 -1 2
67 453 -1 2
62 453 -1 2
61 453 -1 2
59 453 -1 2
57 453 -1 2
53 453 -1 1
47 453 -1 2
46 453 -1 2
45 453 -1 2
32 453 -1 2
89 452 -1 2
86 452 -1 2
85 452 -1 2
61 452 -1 2
60 452 -1 2
58 452 -1 2
50 452 -1 2
49 452 -1 2
48 452 -1 2
45 452 -1 2
35 452 -1 1
88 451 -1 1
86 451 -1 2
64 451 -1 1
61 451 -1 2
49 451 -1 2
85 450 -1 2
84 450 -1 1
69 450 -1 2
61 450 -1 2
43 450 -1 1
758 449 -1 1
757 449 -1 1
86 449 -1 1
70 449 -1 2
68 449 -1 1
61 449 -1 2
60 449 -1 2
59 449 -1 2
61 448 -1 2
60 448 -1 2
69 447 -1 2
62 447 -1 2
61 447 -1 2
87 446 -1 2
68 446 -1 2
63 446 -1 2
62 446 -1 2
67 445 -1 2
65 445 -1 2
64 445 -1 2
63 445 -1 2
59 445 -1 2
88 444 -1 1
64 444 -1 2
60 444 -1 2
59 444 -1 2
58 444 -1 2
57 444 -1 1
68 443 -1 1
63 443 -1 1
59 443 -1 2
761 439 -1 2
758 439 -1 2
760 438 -1 2
760 436 -1 2
663 425 -1 1
659 425 -1 1
662 424 -1 2
659 424 -1 1
658 422 -1 1
658 419 -1 1
655 419 -1 1
655 417 -1 1
764 416 -1 1
765 415 -1 1
653 414 -1 1
652 414 -1 1
763 413 -1 1
765 412 -1 2
764 412 -1 2
765 411 -1 2
764 411 -1 2
763 411 -1 2
764 410 -1 2
648 410 -1 2
650 409 -1 2
649 409 -1 2
647 409 -1 2
698 408 -1 1
695 408 -1 2
694 408 -1 2
651 408 -1 2
650 408 -1 2
648 408 -1 2
796 407 -1 2
697 407 -1 2
694 407 -1 2
693 407 -1 2
691 407 -1 2
656 407 -1 1
655 407 -1 1
796 406 -1 2
795 406 -1 2
766 406 -1 1
693 406 -1 2
692 406 -1 2
690 406 -1 2
796 405 -1 2
692 405 -1 2
691 405 -1 2
690 405 -1 2
689 405 -1 2
796 404 -1 2
795 404 -1 2
794 404 -1 2
765 404 -1 2
690 404 -1 2
665 404 -1 1
797 403 -1 2
796 403 -1 2
795 403 -1 2
778 403 -1 1
775 403 -1 1
768 403 -1 1
766 403 -1 2
765 403 -1 2
664 403 -1 2
663 403 -1 1
798 402 -1 1
781 402 -1 2
776 402 -1 1
767 402 -1 2
766 402 -1 2
692 402 -1 1
665 402 -1 1
793 401 -1 1
781 401 -1 2
780 401 -1 2
779 401 -1 2
691 401 -1 2
786 400 -1 2
785 400 -1 2
780 400 -1 2
778 400 -1 2
776 400 -1 1
771 400 -1 2
770 400 -1 1
700 400 -1 2
699 400 -1 2
697 400 -1 1
691 400 -1 2
790 399 -1 1
786 399 -1 2
785 399 -1 2
780 399 -1 2
779 399 -1 2
778 399 -1 2
777 399 -1 2
706 399 -1 2
705 399 -1 2
700 399 -1 2
699 399 -1 2
698 399 -1 2
366 399 -1 2
779 398 -1 2
705 398 -1 2
704 398 -1 2
690 398 -1 1
367 398 -1 2
365 398 -1 2
704 397 -1 2
703 397 -1 2
692 397 -1 1
367 397 -1 2
366 397 -1 2
365 397 -1 2
364 397 -1 2
693 396 -1 2
368 396 -1 2
368 395 -1 2
367 395 -1 2
691 394 -1 2
690 394 -1 2
636 394 -1 1
367 394 -1 2
366 394 -1 2
691 393 -1 2
690 393 -1 2
689 393 -1 2
637 393 -1 1
366 393 -1 2
365 393 -1 2
690 392 -1 2
365 392 -1 2
690 391 -1 2
689 391 -1 2
634 391 -1 1
689 390 -1 2
634 390 -1 1
685 388 -1 1
634 388 -1 1
683 387 -1 1
633 387 -1 1
666 385 -1 1
667 384 -1 1
661 383 -1 1
682 382 -1 1
667 382 -1 1
662 382 -1 1
380 382 -1 1
681 381 -1 1
666 381 -1 2
665 380 -1 2
378 380 -1 2
664 379 -1 2
663 379 -1 2
655 379 -1 1
373 379 -1 2
370 379 -1 2
351 379 -1 1
677 378 -1 1
658 378 -1 2
657 378 -1 2
656 378 -1 2
371 378 -1 2
370 378 -1 2
369 378 -1 2
352 378 -1 1
676 377 -1 2
674 377 -1 1
657 377 -1 2
370 377 -1 2
369 377 -1 2
368 377 -1 2
366 377 -1 2
678 376 -1 2
677 376 -1 2
676 376 -1 2
675 376 -1 2
658 376 -1 2
651 376 -1 1
369 376 -1 2
352 376 -1 2
678 375 -1 2
677 375 -1 2
676 375 -1 2
674 375 -1 2
673 375 -1 2
651 375 -1 1
677 374 -1 2
675 374 -1 2
656 374 -1 2
675 373 -1 2
672 373 -1 2
349 373 -1 1
676 372 -1 1
674 372 -1 2
673 372 -1 2
672 372 -1 2
671 372 -1 2
674 371 -1 2
672 371 -1 2
405 371 -1 1
404 370 -1 2
403 370 -1 2
403 369 -1 2
402 369 -1 2
744 368 -1 1
743 368 -1 1
671 368 -1 2
670 368 -1 2
671 367 -1 2
670 367 -1 2
669 367 -1 2
743 366 -1 1
742 366 -1 1
669 366 -1 2
396 366 -1 1
752 364 -1 1
751 363 -1 2
749 363 -1 2
397 363 -1 2
395 363 -1 2
750 362 -1 2
396 362 -1 2
395 362 -1 2
394 362 -1 2
749 361 -1 2
394 361 -1 2
749 360 -1 2
748 360 -1 2
393 360 -1 1
393 357 -1 1
753 356 -1 1
390 356 -1 1
752 355 -1 2
392 355 -1 2
392 354 -1 2
391 354 -1 2
392 352 -1 2
387 351 -1 2
388 350 -1 2
387 350 -1 2
386 350 -1 2
387 349 -1 2
749 348 -1 2
748 348 -1 2
386 348 -1 2
748 347 -1 2
747 347 -1 2
386 347 -1 2
385 347 -1 2
746 346 -1 1
386 346 -1 2
382 345 -1 1
744 344 -1 1
384 344 -1 2
383 344 -1 2
383 343 -1 2
783 342 -1 2
781 342 -1 2
742 342 -1 2
382 342 -1 2
378 342 -1 2
377 342 -1 2
784 341 -1 2
783 341 -1 2
782 341 -1 2
781 341 -1 2
780 341 -1 2
742 341 -1 2
741 341 -1 2
381 341 -1 2
379 341 -1 2
378 341 -1 2
377 341 -1 2
83 341 -1 2
784 340 -1 2
783 340 -1 2
780 340 -1 2
741 340 -1 2
739 340 -1 1
381 340 -1 2
380 340 -1 2
379 340 -1 2
87 340 -1 1
84 340 -1 2
83 340 -1 2
786 339 -1 1
782 339 -1 1
740 339 -1 2
381 339 -1 2
380 339 -1 2
86 339 -1 2
85 339 -1 2
789 338 -1 1
787 338 -1 1
741 338 -1 2
740 338 -1 2
739 338 -1 2
88 338 -1 2
87 338 -1 2
86 338 -1 2
85 338 -1 2
83 338 -1 2
789 337 -1 2
740 337 -1 2
738 337 -1 1
587 337 -1 2
381 337 -1 1
87 337 -1 2
86 337 -1 2
85 337 -1 2
84 337 -1 2
83 337 -1 2
82 337 -1 2
80 337 -1 1
587 336 -1 2
586 336 -1 2
288 336 -1 2
89 336 -1 1
86 336 -1 2
84 336 -1 2
82 336 -1 2
81 336 -1 2
740 335 -1 1
738 335 -1 1
587 335 -1 2
287 335 -1 1
86 335 -1 2
85 335 -1 2
788 334 -1 2
784 334 -1 1
788 333 -1 2
787 333 -1 2
784 333 -1 1
92 333 -1 1
90 333 -1 2
788 332 -1 2
787 332 -1 2
582 332 -1 2
581 332 -1 2
285 332 -1 2
101 332 -1 1
91 332 -1 2
90 332 -1 2
89 332 -1 2
582 331 -1 2
429 331 -1 1
285 331 -1 2
284 331 -1 2
99 331 -1 1
92 331 -1 1
86 331 -1 2
85 331 -1 2
781 330 -1 1
734 330 -1 1
583 330 -1 2
429 330 -1 2
427 330 -1 1
285 330 -1 2
283 330 -1 2
95 330 -1 1
94 330 -1 1
87 330 -1 2
86 330 -1 2
85 330 -1 2
84 330 -1 2
429 329 -1 2
428 329 -1 2
284 329 -1 2
283 329 -1 2
282 329 -1 2
104 329 -1 1
87 329 -1 2
85 329 -1 2
734 328 -1 1
581 328 -1 2
580 328 -1 2
429 328 -1 2
428 328 -1 2
283 328 -1 2
105 328 -1 1
777 327 -1 1
581 327 -1 2
430 327 -1 2
428 327 -1 2
427 327 -1 2
426 327 -1 2
732 326 -1 1
611 326 -1 2
581 326 -1 2
580 326 -1 2
431 326 -1 2
430 326 -1 2
427 326 -1 2
281 326 -1 1
91 326 -1 1
729 325 -1 1
610 325 -1 1
579 325 -1 2
432 325 -1 2
431 325 -1 2
90 325 -1 1
730 324 -1 2
583 324 -1 2
579 324 -1 2
434 324 -1 2
433 324 -1 2
432 324 -1 2
423 324 -1 1
112 324 -1 2
111 324 -1 2
726 323 -1 1
590 323 -1 2
589 323 -1 2
585 323 -1 2
584 323 -1 2
579 323 -1 2
439 323 -1 2
438 323 -1 2
434 323 -1 2
433 323 -1 2
422 323 -1 2
279 323 -1 2
278 323 -1 2
113 323 -1 2
112 323 -1 2
111 323 -1 2
110 323 -1 2
727 322 -1 2
590 322 -1 2
589 322 -1 2
586 322 -1 2
584 322 -1 2
580 322 -1 2
578 322 -1 2
577 322 -1 2
438 322 -1 2
421 322 -1 2
278 322 -1 2
117 322 -1 2
116 322 -1 2
114 322 -1 2
113 322 -1 2
112 322 -1 2
111 322 -1 2
108 322 -1 2
102 322 -1 2
95 322 -1 2
726 321 -1 1
591 321 -1 2
588 321 -1 2
587 321 -1 2
585 321 -1 2
577 321 -1 2
576 321 -1 2
118 321 -1 2
117 321 -1 2
116 321 -1 2
115 321 -1 2
111 321 -1 2
110 321 -1 2
109 321 -1 2
102 321 -1 2
101 321 -1 2
96 321 -1 2
95 321 -1 2
592 320 -1 2
589 320 -1 2
588 320 -1 2
575 320 -1 1
436 320 -1 2
420 320 -1 2
277 320 -1 1
276 320 -1 1
119 320 -1 2
118 320 -1 2
117 320 -1 2
111 320 -1 2
110 320 -1 2
108 320 -1 2
103 320 -1 1
746 319 -1 2
745 319 -1 2
591 319 -1 1
588 319 -1 2
419 319 -1 2
119 319 -1 2
115 319 -1 1
112 319 -1 2
106 319 -1 1
745 318 -1 2
744 318 -1 2
625 318 -1 1
586 318 -1 1
418 318 -1 2
417 318 -1 2
112 318 -1 2
626 317 -1 1
587 317 -1 2
418 317 -1 2
416 317 -1 2
125 317 -1 1
115 317 -1 2
104 317 -1 1
628 316 -1 1
587 316 -1 2
417 316 -1 2
415 316 -1 2
273 316 -1 1
126 316 -1 1
115 316 -1 2
114 316 -1 2
112 316 -1 1
744 315 -1 1
627 315 -1 1
416 315 -1 2
115 315 -1 2
114 315 -1 2
111 315 -1 1
743 314 -1 2
589 314 -1 1
416 314 -1 2
415 314 -1 2
272 314 -1 2
125 314 -1 1
114 314 -1 2
743 313 -1 2
742 313 -1 2
416 313 -1 2
415 313 -1 2
272 313 -1 2
271 313 -1 2
129 313 -1 1
128 313 -1 1
126 313 -1 1
114 313 -1 2
113 313 -1 2
110 313 -1 1
744 312 -1 2
743 312 -1 2
742 312 -1 2
741 312 -1 2
739 312 -1 2
416 312 -1 2
414 312 -1 1
271 312 -1 2
114 312 -1 2
113 312 -1 2
112 312 -1 2
107 312 -1 1
744 311 -1 2
741 311 -1 2
740 311 -1 2
739 311 -1 2
738 311 -1 2
270 311 -1 2
114 311 -1 2
112 311 -1 2
741 310 -1 2
739 310 -1 2
417 310 -1 1
270 310 -1 2
269 310 -1 2
748 309 -1 1
744 309 -1 1
269 309 -1 2
268 309 -1 2
747 308 -1 2
268 308 -1 2
125 308 -1 1
748 307 -1 2
747 307 -1 2
590 307 -1 1
267 307 -1 1
124 307 -1 2
114 307 -1 2
750 306 -1 2
747 306 -1 2
746 306 -1 2
744 306 -1 1
589 306 -1 2
588 306 -1 2
133 306 -1 1
129 306 -1 1
115 306 -1 1
751 305 -1 1
749 305 -1 1
589 305 -1 2
588 305 -1 2
587 305 -1 2
754 304 -1 1
587 304 -1 2
569 304 -1 2
309 304 -1 2
139 304 -1 2
137 304 -1 1
127 304 -1 1
123 304 -1 1
755 303 -1 2
310 303 -1 1
264 303 -1 1
141 303 -1 2
140 303 -1 2
139 303 -1 2
138 303 -1 2
123 303 -1 1
756 302 -1 2
571 302 -1 1
264 302 -1 1
142 302 -1 2
140 302 -1 2
139 302 -1 2
126 302 -1 1
574 301 -1 1
310 301 -1 1
139 301 -1 2
755 300 -1 1
575 300 -1 1
132 299 -1 1
129 299 -1 2
128 299 -1 2
313 298 -1 1
310 298 -1 1
309 298 -1 1
138 298 -1 1
128 298 -1 2
137 297 -1 2
315 296 -1 1
138 296 -1 2
129 296 -1 1
316 295 -1 2
307 295 -1 1
305 295 -1 1
154 295 -1 2
153 295 -1 2
132 295 -1 1
317 294 -1 2
156 294 -1 2
155 294 -1 2
153 294 -1 2
332 293 -1 2
331 293 -1 2
318 293 -1 1
157 293 -1 2
156 293 -1 2
150 293 -1 1
144 293 -1 2
140 293 -1 2
332 292 -1 2
331 292 -1 2
330 292 -1 2
306 292 -1 1
158 292 -1 2
144 292 -1 2
143 292 -1 2
142 292 -1 2
141 292 -1 2
138 292 -1 1
331 291 -1 2
330 291 -1 2
329 291 -1 2
328 291 -1 2
327 291 -1 2
325 291 -1 2
305 291 -1 1
159 291 -1 2
158 291 -1 2
142 291 -1 2
330 290 -1 2
327 290 -1 2
326 290 -1 2
325 290 -1 2
324 290 -1 2
161 290 -1 2
160 290 -1 2
159 290 -1 2
157 290 -1 1
142 290 -1 2
141 290 -1 2
140 290 -1 2
139 290 -1 2
329 289 -1 1
326 289 -1 2
324 289 -1 2
305 289 -1 1
304 289 -1 1
161 289 -1 2
160 289 -1 2
143 289 -1 2
142 289 -1 2
141 289 -1 2
139 289 -1 2
324 288 -1 2
323 288 -1 2
160 288 -1 2
159 288 -1 2
158 288 -1 2
157 288 -1 1
143 288 -1 2
142 288 -1 2
140 288 -1 2
323 287 -1 2
159 287 -1 2
304 286 -1 2
163 286 -1 1
158 286 -1 2
157 286 -1 2
305 285 -1 2
304 285 -1 2
165 285 -1 1
164 285 -1 2
157 285 -1 2
156 285 -1 2
147 285 -1 1
145 285 -1 1
315 284 -1 1
304 284 -1 2
163 284 -1 1
155 284 -1 1
148 284 -1 2
145 284 -1 1
314 283 -1 1
302 283 -1 1
149 283 -1 2
148 282 -1 2
347 281 -1 2
314 281 -1 1
308 281 -1 1
347 280 -1 2
346 280 -1 2
313 280 -1 1
107 280 -1 2
106 280 -1 2
105 280 -1 2
84 280 -1 2
342 279 -1 1
310 279 -1 1
173 279 -1 1
107 279 -1 2
106 279 -1 2
88 279 -1 2
86 279 -1 2
85 279 -1 2
84 279 -1 2
83 279 -1 2
343 278 -1 2
87 278 -1 2
84 278 -1 2
83 278 -1 2
82 278 -1 2
340 277 -1 2
339 277 -1 2
100 277 -1 2
94 277 -1 1
83 277 -1 2
341 276 -1 2
340 276 -1 2
339 276 -1 2
172 276 -1 2
159 276 -1 1
158 276 -1 1
100 276 -1 2
99 276 -1 2
92 276 -1 1
80 276 -1 1
340 275 -1 2
176 275 -1 1
173 275 -1 2
172 275 -1 2
95 275 -1 1
91 275 -1 1
80 275 -1 1
337 274 -1 2
336 274 -1 2
174 274 -1 2
173 274 -1 2
172 274 -1 2
129 274 -1 2
338 273 -1 2
337 273 -1 2
336 273 -1 2
165 273 -1 2
132 273 -1 2
131 273 -1 2
130 273 -1 2
129 273 -1 2
128 273 -1 2
106 273 -1 2
103 273 -1 1
83 273 -1 2
337 272 -1 2
169 272 -1 2
166 272 -1 2
165 272 -1 2
131 272 -1 2
129 272 -1 2
107 272 -1 2
106 272 -1 2
84 272 -1 2
83 272 -1 2
82 272 -1 2
77 272 -1 2
108 271 -1 2
107 271 -1 2
99 271 -1 2
83 271 -1 2
78 271 -1 2
77 271 -1 2
336 270 -1 2
133 270 -1 2
131 270 -1 1
129 270 -1 1
128 270 -1 1
108 270 -1 2
106 270 -1 2
335 269 -1 2
134 269 -1 2
105 269 -1 1
100 269 -1 1
93 269 -1 1
134 268 -1 2
133 268 -1 2
132 268 -1 1
334 267 -1 2
180 267 -1 2
179 267 -1 2
134 267 -1 2
128 267 -1 2
94 267 -1 1
185 266 -1 1
180 266 -1 2
177 266 -1 1
135 266 -1 2
128 266 -1 2
127 266 -1 2
126 266 -1 1
110 266 -1 2
109 266 -1 1
74 266 -1 2
73 266 -1 2
72 266 -1 2
70 266 -1 1
135 265 -1 2
134 265 -1 2
128 265 -1 2
111 265 -1 2
73 265 -1 2
694 264 -1 2
690 264 -1 1
688 264 -1 1
686 264 -1 1
684 264 -1 2
197 264 -1 1
195 264 -1 1
193 264 -1 1
184 264 -1 1
137 264 -1 2
136 264 -1 2
134 264 -1 2
127 264 -1 1
109 264 -1 1
693 263 -1 2
685 263 -1 2
684 263 -1 2
683 263 -1 2
198 263 -1 2
194 263 -1 2
136 263 -1 2
683 262 -1 2
199 262 -1 2
198 262 -1 2
197 262 -1 2
135 262 -1 2
134 262 -1 2
133 261 -1 2
132 261 -1 2
105 261 -1 1
700 260 -1 1
683 260 -1 2
682 260 -1 2
681 260 -1 1
192 260 -1 1
139 260 -1 2
132 260 -1 2
131 260 -1 2
106 260 -1 1
703 259 -1 2
701 259 -1 2
684 259 -1 2
683 259 -1 2
192 259 -1 1
180 259 -1 1
131 259 -1 2
130 259 -1 2
111 259 -1 1
704 258 -1 1
683 258 -1 2
204 258 -1 1
198 258 -1 1
188 258 -1 1
182 258 -1 1
179 258 -1 1
143 258 -1 1
142 258 -1 1
131 258 -1 2
129 258 -1 2
113 258 -1 1
682 257 -1 2
681 257 -1 2
199 257 -1 2
183 257 -1 1
131 257 -1 2
130 257 -1 2
129 257 -1 2
128 257 -1 2
114 257 -1 1
110 257 -1 1
703 256 -1 1
702 256 -1 1
691 256 -1 1
681 256 -1 2
680 256 -1 2
677 256 -1 2
676 256 -1 2
200 256 -1 2
199 256 -1 2
141 256 -1 2
128 256 -1 2
127 256 -1 2
125 256 -1 1
692 255 -1 2
687 255 -1 1
681 255 -1 2
678 255 -1 2
677 255 -1 2
676 255 -1 2
189 255 -1 2
184 255 -1 1
143 255 -1 2
142 255 -1 2
141 255 -1 2
140 255 -1 2
128 255 -1 2
127 255 -1 2
126 255 -1 2
693 254 -1 2
681 254 -1 2
680 254 -1 2
679 254 -1 2
677 254 -1 2
190 254 -1 2
189 254 -1 2
185 254 -1 2
143 254 -1 2
141 254 -1 2
128 254 -1 2
113 254 -1 1
680 253 -1 2
676 253 -1 1
208 253 -1 1
190 253 -1 2
186 253 -1 2
140 253 -1 1
136 253 -1 1
129 253 -1 2
126 253 -1 1
111 253 -1 1
201 252 -1 2
187 252 -1 1
135 252 -1 1
129 252 -1 2
118 252 -1 1
684 251 -1 1
680 251 -1 1
201 251 -1 2
200 251 -1 2
144 251 -1 2
142 251 -1 1
129 251 -1 2
128 251 -1 2
117 251 -1 2
681 250 -1 1
201 250 -1 2
200 250 -1 2
199 250 -1 2
144 250 -1 2
143 250 -1 2
128 250 -1 2
118 250 -1 1
116 250 -1 1
691 249 -1 1
678 249 -1 2
202 249 -1 1
200 249 -1 2
193 249 -1 1
144 249 -1 2
134 249 -1 1
702 248 -1 1
690 248 -1 1
677 248 -1 2
143 248 -1 2
142 248 -1 2
141 248 -1 2
128 248 -1 1
699 247 -1 2
216 247 -1 1
202 247 -1 2
141 247 -1 2
140 247 -1 2
137 247 -1 2
135 247 -1 2
134 247 -1 2
700 246 -1 2
699 246 -1 2
698 246 -1 2
203 246 -1 2
202 246 -1 2
201 246 -1 2
199 246 -1 2
138 246 -1 2
137 246 -1 2
136 246 -1 2
131 246 -1 1
699 245 -1 2
698 245 -1 2
697 245 -1 2
204 245 -1 2
202 245 -1 2
201 245 -1 2
200 245 -1 2
199 245 -1 2
144 245 -1 2
137 245 -1 2
698 244 -1 2
680 244 -1 1
213 244 -1 2
212 244 -1 2
206 244 -1 2
205 244 -1 2
204 244 -1 2
202 244 -1 2
200 244 -1 2
145 244 -1 2
144 244 -1 2
138 244 -1 1
699 243 -1 1
679 243 -1 2
213 243 -1 2
212 243 -1 2
207 243 -1 2
205 243 -1 2
144 243 -1 2
143 243 -1 2
142 243 -1 2
130 243 -1 2
129 243 -1 2
128 243 -1 2
213 242 -1 2
208 242 -1 2
143 242 -1 2
142 242 -1 2
128 242 -1 2
700 241 -1 1
679 241 -1 1
212 241 -1 1
207 241 -1 2
134 241 -1 2
702 240 -1 1
677 240 -1 1
215 240 -1 2
208 240 -1 2
206 240 -1 2
133 240 -1 2
673 239 -1 2
219 239 -1 1
216 239 -1 2
207 239 -1 2
132 239 -1 1
674 238 -1 2
673 238 -1 2
672 238 -1 2
215 238 -1 1
134 238 -1 1
698 237 -1 2
696 237 -1 1
673 237 -1 2
220 237 -1 2
697 236 -1 2
672 236 -1 1
221 236 -1 2
220 236 -1 2
134 236 -1 1
696 235 -1 1
400 235 -1 2
399 235 -1 2
397 235 -1 2
222 235 -1 2
221 235 -1 2
134 235 -1 2
402 234 -1 1
401 234 -1 2
400 234 -1 2
398 234 -1 2
397 234 -1 2
396 234 -1 2
134 234 -1 2
397 233 -1 2
225 233 -1 1
212 233 -1 1
137 233 -1 1
398 232 -1 2
397 232 -1 2
396 232 -1 2
220 232 -1 2
219 232 -1 2
215 232 -1 2
214 232 -1 2
213 232 -1 2
135 232 -1 2
397 231 -1 2
396 231 -1 2
219 231 -1 2
218 231 -1 2
216 231 -1 2
214 231 -1 2
136 231 -1 2
134 231 -1 1
694 230 -1 1
693 230 -1 1
397 230 -1 2
226 230 -1 1
217 230 -1 2
215 230 -1 2
146 230 -1 1
137 230 -1 2
136 230 -1 2
396 229 -1 2
227 229 -1 1
218 229 -1 2
216 229 -1 2
145 229 -1 1
135 229 -1 1
219 228 -1 2
217 228 -1 2
693 227 -1 2
377 227 -1 1
240 227 -1 1
220 227 -1 2
65 227 -1 2
64 227 -1 2
741 226 -1 1
692 226 -1 1
390 226 -1 1
388 226 -1 1
375 226 -1 1
242 226 -1 2
65 226 -1 2
64 226 -1 2
62 226 -1 1
744 225 -1 1
742 225 -1 2
391 225 -1 1
387 225 -1 1
243 225 -1 2
228 225 -1 2
227 225 -1 2
741 224 -1 1
244 224 -1 2
242 224 -1 2
227 224 -1 2
226 224 -1 2
61 224 -1 1
391 223 -1 2
245 223 -1 1
229 223 -1 1
226 223 -1 2
225 223 -1 2
64 223 -1 2
63 223 -1 2
421 222 -1 2
420 222 -1 2
391 222 -1 2
390 222 -1 2
248 222 -1 1
236 222 -1 1
235 222 -1 1
225 222 -1 2
64 222 -1 2
742 221 -1 1
741 221 -1 1
421 221 -1 2
391 221 -1 2
390 221 -1 2
389 221 -1 2
250 221 -1 1
420 220 -1 2
390 220 -1 2
388 220 -1 1
251 220 -1 1
247 220 -1 1
62 220 -1 2
741 219 -1 1
420 219 -1 2
61 219 -1 2
740 218 -1 1
732 218 -1 1
709 218 -1 1
252 218 -1 2
733 217 -1 1
706 217 -1 1
253 217 -1 2
252 217 -1 2
254 216 -1 2
256 215 -1 2
255 215 -1 2
239 213 -1 1
715 212 -1 1
711 212 -1 2
715 211 -1 1
710 211 -1 1
240 211 -1 1
212 208 -1 2
214 207 -1 1
213 207 -1 2
212 207 -1 2
256 206 -1 2
257 205 -1 2
256 205 -1 2
255 205 -1 2
254 205 -1 1
222 205 -1 2
221 205 -1 2
220 205 -1 1
201 205 -1 1
269 204 -1 1
266 204 -1 2
265 204 -1 2
257 204 -1 2
222 204 -1 2
211 204 -1 1
202 204 -1 2
189 204 -1 1
266 203 -1 2
264 203 -1 2
257 203 -1 2
256 203 -1 2
255 203 -1 2
210 203 -1 2
202 203 -1 2
201 203 -1 2
194 203 -1 1
188 203 -1 2
268 202 -1 2
267 202 -1 2
266 202 -1 2
265 202 -1 2
264 202 -1 2
263 202 -1 2
257 202 -1 2
255 202 -1 2
230 202 -1 1
209 202 -1 2
206 202 -1 1
203 202 -1 2
202 202 -1 2
201 202 -1 2
193 202 -1 2
188 202 -1 2
187 202 -1 2
276 201 -1 2
275 201 -1 2
268 201 -1 2
267 201 -1 2
266 201 -1 2
265 201 -1 2
263 201 -1 2
223 201 -1 2
206 201 -1 2
202 201 -1 2
192 201 -1 2
188 201 -1 2
186 201 -1 2
278 200 -1 1
277 200 -1 2
276 200 -1 2
267 200 -1 2
266 200 -1 2
264 200 -1 2
231 200 -1 2
230 200 -1 2
223 200 -1 2
217 200 -1 1
207 200 -1 2
206 200 -1 2
202 200 -1 2
200 200 -1 2
193 200 -1 2
192 200 -1 2
187 200 -1 2
185 200 -1 2
269 199 -1 1
265 199 -1 2
263 199 -1 2
231 199 -1 2
230 199 -1 2
229 199 -1 2
217 199 -1 2
205 199 -1 2
204 199 -1 2
203 199 -1 2
202 199 -1 2
201 199 -1 2
200 199 -1 2
199 199 -1 2
194 199 -1 2
192 199 -1 2
186 199 -1 2
184 199 -1 2
273 198 -1 2
271 198 -1 1
230 198 -1 2
219 198 -1 1
218 198 -1 2
217 198 -1 2
204 198 -1 2
202 198 -1 2
197 198 -1 1
194 198 -1 2
193 198 -1 2
186 198 -1 2
185 198 -1 2
184 198 -1 2
425 197 -1 2
274 197 -1 2
273 197 -1 2
266 197 -1 1
223 197 -1 1
203 197 -1 2
202 197 -1 2
201 197 -1 2
193 197 -1 2
185 197 -1 2
426 196 -1 2
425 196 -1 2
424 196 -1 2
282 196 -1 2
275 196 -1 2
272 196 -1 2
271 196 -1 2
268 196 -1 1
232 196 -1 1
202 196 -1 2
425 195 -1 2
274 195 -1 1
272 195 -1 2
271 195 -1 2
236 195 -1 1
201 195 -1 2
286 194 -1 1
279 194 -1 1
277 194 -1 2
235 194 -1 1
216 194 -1 1
201 194 -1 2
200 194 -1 2
184 194 -1 1
182 194 -1 1
423 193 -1 2
278 193 -1 2
277 193 -1 2
274 193 -1 1
219 193 -1 2
200 193 -1 2
198 193 -1 2
197 193 -1 2
183 193 -1 2
422 192 -1 2
421 192 -1 1
277 192 -1 2
219 192 -1 2
218 192 -1 2
200 192 -1 2
199 192 -1 2
182 192 -1 2
278 191 -1 2
277 191 -1 2
276 191 -1 2
226 191 -1 1
218 191 -1 2
217 191 -1 2
216 191 -1 1
201 191 -1 2
200 191 -1 2
181 191 -1 2
179 191 -1 1
99 191 -1 1
285 190 -1 1
282 190 -1 1
280 190 -1 2
277 190 -1 2
276 190 -1 2
275 190 -1 2
274 190 -1 2
273 190 -1 1
227 190 -1 2
219 190 -1 2
218 190 -1 2
202 190 -1 1
180 190 -1 2
423 189 -1 1
421 189 -1 2
419 189 -1 1
291 189 -1 2
290 189 -1 2
286 189 -1 1
281 189 -1 2
279 189 -1 1
277 189 -1 2
275 189 -1 2
230 189 -1 2
229 189 -1 2
228 189 -1 2
219 189 -1 2
218 189 -1 2
180 189 -1 2
179 189 -1 2
422 188 -1 2
421 188 -1 2
420 188 -1 2
294 188 -1 1
290 188 -1 2
289 188 -1 2
281 188 -1 2
231 188 -1 2
229 188 -1 2
218 188 -1 2
217 188 -1 2
202 188 -1 1
200 188 -1 2
195 188 -1 1
184 188 -1 2
179 188 -1 2
97 188 -1 1
281 187 -1 2
280 187 -1 2
279 187 -1 1
238 187 -1 1
235 187 -1 1
231 187 -1 2
230 187 -1 2
223 187 -1 1
214 187 -1 1
201 187 -1 2
200 187 -1 2
183 187 -1 1
178 187 -1 1
281 186 -1 2
234 186 -1 2
229 186 -1 1
214 186 -1 2
212 186 -1 1
209 186 -1 1
196 186 -1 1
295 185 -1 1
288 185 -1 2
281 185 -1 2
280 185 -1 2
234 185 -1 2
233 185 -1 2
215 185 -1 2
214 185 -1 2
175 185 -1 1
170 185 -1 1
287 184 -1 2
282 184 -1 2
281 184 -1 2
233 184 -1 2
232 184 -1 2
224 184 -1 1
214 184 -1 2
213 184 -1 2
178 184 -1 1
173 184 -1 2
301 183 -1 1
286 183 -1 1
283 183 -1 2
282 183 -1 2
235 183 -1 2
234 183 -1 2
233 183 -1 2
218 183 -1 1
215 183 -1 2
214 183 -1 2
213 183 -1 2
212 183 -1 2
179 183 -1 2
174 183 -1 2
173 183 -1 2
172 183 -1 2
241 182 -1 1
235 182 -1 2
234 182 -1 2
232 182 -1 2
213 182 -1 2
174 182 -1 2
173 182 -1 2
303 181 -1 1
286 181 -1 1
235 181 -1 2
233 181 -1 2
205 181 -1 1
168 181 -1 1
305 180 -1 1
301 180 -1 1
298 180 -1 2
297 180 -1 2
288 180 -1 2
287 180 -1 2
241 180 -1 1
236 180 -1 2
234 180 -1 2
216 180 -1 2
171 180 -1 2
168 180 -1 2
306 179 -1 2
298 179 -1 2
297 179 -1 2
289 179 -1 2
240 179 -1 2
237 179 -1 1
217 179 -1 2
216 179 -1 2
215 179 -1 2
209 179 -1 1
174 179 -1 2
173 179 -1 2
171 179 -1 2
170 179 -1 2
169 179 -1 2
168 179 -1 2
308 178 -1 1
305 178 -1 1
302 178 -1 1
297 178 -1 2
296 178 -1 2
295 178 -1 2
292 178 -1 2
291 178 -1 2
290 178 -1 2
288 178 -1 1
241 178 -1 2
218 178 -1 2
216 178 -1 2
215 178 -1 2
173 178 -1 2
172 178 -1 2
169 178 -1 2
294 177 -1 2
293 177 -1 2
292 177 -1 2
290 177 -1 2
217 177 -1 2
214 177 -1 1
172 177 -1 2
302 176 -1 2
293 176 -1 2
291 176 -1 2
289 176 -1 1
242 176 -1 2
217 176 -1 2
171 176 -1 2
170 176 -1 2
169 176 -1 1
302 175 -1 2
301 175 -1 2
293 175 -1 2
292 175 -1 2
246 175 -1 2
245 175 -1 2
243 175 -1 2
242 175 -1 2
241 175 -1 2
217 175 -1 2
216 175 -1 2
171 175 -1 2
301 174 -1 2
294 174 -1 2
247 174 -1 2
246 174 -1 2
245 174 -1 2
244 174 -1 2
241 174 -1 2
170 174 -1 2
169 174 -1 2
490 173 -1 2
315 173 -1 2
297 173 -1 2
295 173 -1 2
247 173 -1 2
243 173 -1 2
169 173 -1 2
168 173 -1 2
491 172 -1 2
490 172 -1 2
489 172 -1 2
488 172 -1 2
486 172 -1 2
485 172 -1 2
315 172 -1 2
297 172 -1 2
296 172 -1 2
248 172 -1 2
247 172 -1 2
242 172 -1 2
241 172 -1 2
168 172 -1 2
492 171 -1 2
491 171 -1 2
489 171 -1 2
485 171 -1 2
296 171 -1 2
248 171 -1 2
247 171 -1 2
241 171 -1 2
240 171 -1 2
238 171 -1 1
230 171 -1 2
227 171 -1 1
492 170 -1 2
491 170 -1 2
485 170 -1 2
483 170 -1 2
482 170 -1 2
314 170 -1 1
305 170 -1 2
302 170 -1 2
247 170 -1 2
240 170 -1 2
239 170 -1 2
231 170 -1 2
230 170 -1 2
229 170 -1 2
228 170 -1 2
491 169 -1 2
490 169 -1 2
486 169 -1 2
485 169 -1 2
484 169 -1 2
483 169 -1 2
313 169 -1 1
303 169 -1 2
302 169 -1 2
301 169 -1 2
300 169 -1 2
246 169 -1 2
241 169 -1 2
232 169 -1 2
229 169 -1 2
165 169 -1 1
490 168 -1 2
487 168 -1 2
486 168 -1 2
484 168 -1 2
474 168 -1 2
301 168 -1 2
246 168 -1 2
241 168 -1 2
239 168 -1 2
233 168 -1 2
164 168 -1 1
486 167 -1 2
485 167 -1 2
474 167 -1 2
473 167 -1 2
245 167 -1 2
242 167 -1 2
241 167 -1 2
240 167 -1 2
239 167 -1 2
489 166 -1 2
487 166 -1 2
244 166 -1 2
243 166 -1 2
242 166 -1 2
240 166 -1 2
234 166 -1 2
162 166 -1 1
489 165 -1 2
488 165 -1 2
487 165 -1 2
485 165 -1 1
244 165 -1 2
234 165 -1 2
233 165 -1 2
164 165 -1 2
162 165 -1 2
488 164 -1 2
487 164 -1 2
486 164 -1 2
459 164 -1 1
456 164 -1 1
243 164 -1 1
164 164 -1 2
163 164 -1 2
162 164 -1 2
488 163 -1 2
486 163 -1 2
484 163 -1 2
461 163 -1 2
460 163 -1 2
324 163 -1 1
320 163 -1 2
319 163 -1 2
314 163 -1 1
308 163 -1 1
164 163 -1 2
163 163 -1 2
488 162 -1 1
486 162 -1 2
485 162 -1 2
484 162 -1 2
461 162 -1 2
459 162 -1 2
458 162 -1 2
323 162 -1 2
322 162 -1 2
319 162 -1 2
485 161 -1 2
457 161 -1 1
331 161 -1 1
329 161 -1 2
324 161 -1 2
323 161 -1 2
310 161 -1 2
309 161 -1 2
244 161 -1 1
238 161 -1 1
236 161 -1 1
170 161 -1 1
164 161 -1 2
163 161 -1 2
330 160 -1 2
329 160 -1 2
328 160 -1 2
326 160 -1 1
321 160 -1 1
312 160 -1 2
311 160 -1 2
310 160 -1 2
237 160 -1 2
169 160 -1 1
163 160 -1 2
162 160 -1 2
482 159 -1 1
329 159 -1 2
311 159 -1 2
246 159 -1 2
237 159 -1 2
236 159 -1 2
485 158 -1 2
239 158 -1 1
333 157 -1 2
322 157 -1 2
321 157 -1 2
168 157 -1 2
167 157 -1 2
337 156 -1 1
334 156 -1 2
333 156 -1 2
325 156 -1 1
321 156 -1 2
320 156 -1 2
239 156 -1 1
168 156 -1 2
167 156 -1 2
333 155 -1 2
332 155 -1 2
331 155 -1 2
322 155 -1 2
321 155 -1 2
247 155 -1 1
246 155 -1 1
514 154 -1 1
330 154 -1 2
328 154 -1 2
327 154 -1 2
322 154 -1 2
513 153 -1 2
511 153 -1 2
327 153 -1 2
326 153 -1 2
512 152 -1 2
511 152 -1 2
337 152 -1 2
332 152 -1 2
326 152 -1 2
322 152 -1 1
243 152 -1 2
512 151 -1 2
477 151 -1 1
476 151 -1 1
333 151 -1 2
332 151 -1 2
331 151 -1 2
330 151 -1 2
329 151 -1 2
250 151 -1 1
242 151 -1 1
168 151 -1 1
511 150 -1 2
510 150 -1 2
341 150 -1 2
340 150 -1 2
339 150 -1 2
333 150 -1 2
331 150 -1 2
330 150 -1 2
328 150 -1 2
510 149 -1 2
509 149 -1 2
342 149 -1 2
339 149 -1 2
338 149 -1 2
331 149 -1 2
329 149 -1 2
169 149 -1 1
510 148 -1 2
507 148 -1 1
346 148 -1 2
341 148 -1 1
337 148 -1 2
336 148 -1 2
331 148 -1 2
330 148 -1 2
250 148 -1 1
242 148 -1 2
509 147 -1 2
508 147 -1 2
346 147 -1 2
336 147 -1 2
335 147 -1 2
332 147 -1 2
331 147 -1 2
242 147 -1 2
509 146 -1 2
508 146 -1 2
507 146 -1 2
345 146 -1 2
341 146 -1 1
335 146 -1 2
333 146 -1 2
332 146 -1 2
241 146 -1 1
159 146 -1 1
509 145 -1 2
507 145 -1 2
352 145 -1 2
351 145 -1 2
346 145 -1 2
345 145 -1 2
344 145 -1 2
335 145 -1 2
334 145 -1 2
333 145 -1 2
245 145 -1 2
159 145 -1 1
345 144 -1 2
344 144 -1 2
342 144 -1 2
336 144 -1 2
334 144 -1 2
244 144 -1 1
343 143 -1 2
342 143 -1 2
341 143 -1 2
339 143 -1 2
337 143 -1 2
335 143 -1 2
240 143 -1 1
356 142 -1 1
351 142 -1 2
343 142 -1 2
341 142 -1 2
340 142 -1 2
339 142 -1 2
338 142 -1 2
336 142 -1 2
172 142 -1 1
350 141 -1 1
340 141 -1 2
173 141 -1 2
503 140 -1 2
502 140 -1 2
358 140 -1 2
345 140 -1 2
340 140 -1 2
339 140 -1 2
244 140 -1 1
240 140 -1 1
173 140 -1 2
172 140 -1 2
503 139 -1 2
502 139 -1 2
360 139 -1 2
359 139 -1 2
345 139 -1 2
344 139 -1 2
248 139 -1 1
503 138 -1 2
361 138 -1 2
360 138 -1 2
351 138 -1 2
350 138 -1 2
346 138 -1 2
345 138 -1 2
241 138 -1 2
360 137 -1 2
359 137 -1 2
352 137 -1 2
350 137 -1 2
349 137 -1 2
347 137 -1 2
344 137 -1 1
241 137 -1 2
167 137 -1 1
364 136 -1 2
358 136 -1 2
353 136 -1 2
349 136 -1 2
346 136 -1 1
245 136 -1 1
244 136 -1 1
169 136 -1 2
168 136 -1 2
499 135 -1 1
364 135 -1 2
363 135 -1 2
354 135 -1 2
353 135 -1 2
352 135 -1 2
350 135 -1 1
169 135 -1 2
168 135 -1 2
365 134 -1 2
364 134 -1 2
362 134 -1 2
361 134 -1 1
352 134 -1 2
243 134 -1 1
167 134 -1 2
366 133 -1 2
365 133 -1 2
364 133 -1 2
363 133 -1 2
352 133 -1 2
351 133 -1 2
350 133 -1 2
367 132 -1 2
366 132 -1 2
361 132 -1 1
358 132 -1 1
351 132 -1 2
349 132 -1 1
499 131 -1 2
494 131 -1 1
369 131 -1 1
366 131 -1 2
352 131 -1 1
240 131 -1 1
499 130 -1 2
498 130 -1 2
368 130 -1 2
367 130 -1 2
366 130 -1 2
357 130 -1 2
356 130 -1 2
499 129 -1 2
368 129 -1 2
366 129 -1 2
365 129 -1 2
363 129 -1 2
357 129 -1 2
356 129 -1 2
355 129 -1 2
500 128 -1 2
371 128 -1 2
369 128 -1 2
364 128 -1 2
363 128 -1 2
361 128 -1 1
358 128 -1 2
357 128 -1 2
355 128 -1 2
238 128 -1 2
179 128 -1 1
178 128 -1 1
176 128 -1 1
374 127 -1 2
373 127 -1 2
372 127 -1 2
371 127 -1 2
370 127 -1 2
365 127 -1 1
362 127 -1 2
359 127 -1 2
358 127 -1 2
356 127 -1 2
242 127 -1 2
241 127 -1 2
239 127 -1 2
175 127 -1 2
501 126 -1 1
373 126 -1 2
371 126 -1 2
362 126 -1 2
361 126 -1 2
360 126 -1 2
242 126 -1 2
241 126 -1 2
240 126 -1 2
239 126 -1 2
238 126 -1 2
176 126 -1 2
175 126 -1 2
174 126 -1 2
173 126 -1 1
170 126 -1 1
371 125 -1 2
370 125 -1 2
362 125 -1 2
361 125 -1 2
241 125 -1 2
240 125 -1 2
238 125 -1 2
175 125 -1 2
171 125 -1 1
371 124 -1 2
369 124 -1 2
367 124 -1 2
364 124 -1 2
363 124 -1 2
362 124 -1 2
360 124 -1 2
241 124 -1 2
372 123 -1 2
369 123 -1 2
368 123 -1 2
367 123 -1 2
366 123 -1 2
365 123 -1 2
364 123 -1 2
363 123 -1 2
361 123 -1 2
373 122 -1 2
368 122 -1 2
367 122 -1 2
365 122 -1 2
364 122 -1 2
234 122 -1 2
233 122 -1 2
236 121 -1 1
233 121 -1 2
232 121 -1 2
367 120 -1 1
373 119 -1 2
372 119 -1 2
368 119 -1 1
199 119 -1 2
197 119 -1 2
196 119 -1 2
372 118 -1 2
371 118 -1 2
236 118 -1 1
234 118 -1 1
200 118 -1 2
199 118 -1 2
198 118 -1 2
197 118 -1 2
372 117 -1 2
371 117 -1 2
203 117 -1 2
198 117 -1 2
197 117 -1 2
204 116 -1 2
203 116 -1 2
202 116 -1 2
197 116 -1 2
205 115 -1 2
204 115 -1 2
192 115 -1 1
190 115 -1 1
189 115 -1 1
205 114 -1 2
193 114 -1 2
204 113 -1 2
202 113 -1 1
199 113 -1 1
194 113 -1 2
193 113 -1 2
190 113 -1 1
189 113 -1 2
392 112 -1 2
198 112 -1 2
195 112 -1 2
194 112 -1 2
392 111 -1 2
391 111 -1 2
220 111 -1 1
200 111 -1 1
198 111 -1 2
197 111 -1 2
196 111 -1 2
195 111 -1 2
194 111 -1 2
193 111 -1 2
392 110 -1 2
230 110 -1 1
220 110 -1 2
199 110 -1 2
198 110 -1 2
196 110 -1 2
194 110 -1 2
398 109 -1 1
397 109 -1 1
389 109 -1 2
388 109 -1 2
229 109 -1 2
228 109 -1 2
225 109 -1 2
224 109 -1 2
222 109 -1 2
221 109 -1 2
220 109 -1 2
204 109 -1 2
200 109 -1 2
199 109 -1 2
401 108 -1 2
390 108 -1 2
389 108 -1 2
226 108 -1 2
225 108 -1 2
224 108 -1 2
223 108 -1 2
221 108 -1 2
204 108 -1 2
203 108 -1 2
202 108 -1 2
201 108 -1 2
200 108 -1 2
402 107 -1 2
401 107 -1 2
225 107 -1 2
204 107 -1 2
203 107 -1 2
201 107 -1 2
402 106 -1 2
208 106 -1 1
204 106 -1 2
202 106 -1 2
192 106 -1 1
404 105 -1 2
403 105 -1 2
224 105 -1 2
207 105 -1 1
203 105 -1 2
191 105 -1 2
407 104 -1 2
406 104 -1 2
404 104 -1 2
223 104 -1 2
198 104 -1 2
192 104 -1 2
191 104 -1 2
407 103 -1 2
406 103 -1 2
405 103 -1 2
201 103 -1 2
200 103 -1 2
199 103 -1 2
198 103 -1 2
197 103 -1 2
194 103 -1 2
193 103 -1 2
192 103 -1 2
406 102 -1 2
390 102 -1 2
202 102 -1 2
201 102 -1 2
198 102 -1 2
193 102 -1 2
192 102 -1 2
191 102 -1 2
410 101 -1 1
390 101 -1 2
389 101 -1 2
197 101 -1 1
192 101 -1 2
412 100 -1 2
411 100 -1 2
214 100 -1 2
411 99 -1 2
401 99 -1 2
400 99 -1 2
395 99 -1 2
394 99 -1 2
392 99 -1 1
215 99 -1 2
214 99 -1 2
192 99 -1 2
414 98 -1 1
410 98 -1 1
400 98 -1 2
399 98 -1 2
397 98 -1 1
396 98 -1 2
395 98 -1 2
393 98 -1 2
216 98 -1 2
191 98 -1 2
403 97 -1 2
216 97 -1 2
215 97 -1 2
414 96 -1 2
403 96 -1 2
402 96 -1 2
396 96 -1 1
215 96 -1 2
420 95 -1 1
415 95 -1 2
414 95 -1 2
413 95 -1 2
411 95 -1 1
402 95 -1 2
401 95 -1 2
397 95 -1 1
416 94 -1 2
415 94 -1 2
414 94 -1 2
413 94 -1 2
409 94 -1 2
401 94 -1 2
422 93 -1 1
416 93 -1 2
414 93 -1 2
410 93 -1 2
409 93 -1 2
408 93 -1 2
405 93 -1 2
404 93 -1 2
409 92 -1 2
408 92 -1 2
404 92 -1 2
403 92 -1 2
405 91 -1 2
403 91 -1 2
416 90 -1 2
415 90 -1 2
413 90 -1 2
410 90 -1 2
409 90 -1 2
408 90 -1 2
415 89 -1 2
414 89 -1 2
413 89 -1 2
412 89 -1 2
411 89 -1 2
410 89 -1 2
409 89 -1 2
407 89 -1 2
415 88 -1 2
413 88 -1 2
410 88 -1 2
408 88 -1 2
414 87 -1 2
415 86 -1 2
428 85 -1 1
415 85 -1 2
429 84 -1 1
415 84 -1 2
414 84 -1 2
414 83 -1 2
421 82 -1 1
416 82 -1 1
436 81 -1 2
434 81 -1 2
423 81 -1 1
420 81 -1 1
417 81 -1 1
436 80 -1 2
435 80 -1 2
434 80 -1 2
426 80 -1 2
424 80 -1 2
435 79 -1 2
433 79 -1 2
432 79 -1 2
431 79 -1 2
428 79 -1 2
427 79 -1 2
437 78 -1 1
432 78 -1 2
430 78 -1 2
429 78 -1 2
427 78 -1 2
440 77 -1 1
432 77 -1 2
430 77 -1 2
428 77 -1 2
426 77 -1 1
434 76 -1 1
431 76 -1 2
429 76 -1 2
421 76 -1 1
438 75 -1 2
434 75 -1 2
428 75 -1 1
423 75 -1 1
440 74 -1 1
439 74 -1 2
438 74 -1 2
435 74 -1 2
449 73 -1 1
438 73 -1 2
437 73 -1 2
434 73 -1 2
446 72 -1 1
438 72 -1 2
437 72 -1 2
434 72 -1 2
433 72 -1 2
429 72 -1 1
438 71 -1 2
433 71 -1 2
432 71 -1 2
430 71 -1 2
455 69 -1 1
452 69 -1 1
448 69 -1 2
454 68 -1 2
453 68 -1 2
449 68 -1 2
448 68 -1 2
444 65 -1 1
459 64 -1 1
461 63 -1 2
460 63 -1 2
447 63 -1 2
462 62 -1 2
461 62 -1 2
447 62 -1 2
446 62 -1 2
270 62 -1 2
463 61 -1 2
462 61 -1 2
464 60 -1 2
463 60 -1 2
462 60 -1 2
461 60 -1 2
465 59 -1 2
464 59 -1 2
463 59 -1 2
269 59 -1 1
467 58 -1 1
464 58 -1 2
273 56 -1 1
470 55 -1 1
275 55 -1 1
469 54 -1 2
470 53 -1 2
463 53 -1 1
277 51 -1 1
275 51 -1 1
472 50 -1 2
276 50 -1 2
473 49 -1 2
472 49 -1 2
471 49 -1 2
276 49 -1 1
481 48 -1 1
478 48 -1 1
474 48 -1 2
473 48 -1 2
472 48 -1 2
477 47 -1 2
475 47 -1 2
474 47 -1 2
473 47 -1 2
472 47 -1 2
471 47 -1 2
481 46 -1 1
478 46 -1 2
477 46 -1 2
476 46 -1 2
472 46 -1 2
471 46 -1 2
470 46 -1 2
469 46 -1 2
484 45 -1 1
478 45 -1 2
471 45 -1 2
468 45 -1 2
486 44 -1 2
485 44 -1 2
486 43 -1 2
477 42 -1 2
475 42 -1 2
469 42 -1 1
486 41 -1 2
476 41 -1 2
475 41 -1 2
474 41 -1 2
471 41 -1 2
487 40 -1 2
486 40 -1 2
471 40 -1 2
470 40 -1 2
491 39 -1 2
490 39 -1 2
487 39 -1 2
489 38 -1 2
488 38 -1 2
487 38 -1 2
486 38 -1 2
474 38 -1 1
494 37 -1 1
493 37 -1 2
490 37 -1 2
489 37 -1 2
485 37 -1 2
481 37 -1 2
478 37 -1 2
477 37 -1 2
476 37 -1 2
492 36 -1 1
489 36 -1 2
488 36 -1 2
485 36 -1 2
481 36 -1 2
478 36 -1 2
477 36 -1 2
489 35 -1 2
484 35 -1 1
480 35 -1 1
33 24 -1 1
7 23 -1 2
6 23 -1 2
8 22 -1 2
7 22 -1 2
9 21 -1 2
8 21 -1 2
789 19 -1 1
740 19 -1 1
738 19 -1 1
734 19 -1 1
731 19 -1 1
729 19 -1 1
711 19 -1 1
707 19 -1 2
706 19 -1 2
630 19 -1 1
628 19 -1 1
621 19 -1 1
618 19 -1 2
617 19 -1 2
613 19 -1 1
611 19 -1 1
607 19 -1 1
603 19 -1 1
599 19 -1 1
528 19 -1 1
525 19 -1 1
495 19 -1 1
491 19 -1 1
481 19 -1 1
471 19 -1 2
470 19 -1 2
454 19 -1 2
453 19 -1 2
396 19 -1 1
220 19 -1 1
33 19 -1 1
792 18 -1 1
707 18 -1 2
706 18 -1 2
618 18 -1 2
617 18 -1 2
471 18 -1 2
470 18 -1 2
454 18 -1 2
453 18 -1 2
118 18 -1 1
93 18 -1 1
86 18 -1 1
83 18 -1 1
81 18 -1 1
68 18 -1 1
64 18 -1 1
733 17 -1 2
732 17 -1 2
707 17 -1 2
629 17 -1 2
618 17 -1 2
471 17 -1 2
454 17 -1 2
93 17 -1 2
59 17 -1 2
58 17 -1 2
788 16 -1 2
733 16 -1 2
732 16 -1 2
220 16 -1 2
204 16 -1 2
203 16 -1 2
119 16 -1 2
95 16 -1 2
94 16 -1 2
93 16 -1 2
81 16 -1 2
74 16 -1 2
73 16 -1 2
60 16 -1 2
59 16 -1 2
57 16 -1 2
56 16 -1 2
55 16 -1 2
789 15 -1 2
787 15 -1 2
733 15 -1 2
605 15 -1 2
265 15 -1 2
264 15 -1 2
263 15 -1 2
252 15 -1 2
251 15 -1 2
250 15 -1 2
235 15 -1 2
234 15 -1 2
228 15 -1 2
227 15 -1 2
226 15 -1 2
221 15 -1 2
220 15 -1 2
219 15 -1 2
208 15 -1 2
207 15 -1 2
206 15 -1 2
205 15 -1 2
204 15 -1 2
193 15 -1 2
192 15 -1 2
191 15 -1 2
185 15 -1 2
184 15 -1 2
177 15 -1 2
176 15 -1 2
175 15 -1 2
169 15 -1 2
168 15 -1 2
160 15 -1 2
159 15 -1 2
158 15 -1 2
153 15 -1 2
152 15 -1 2
144 15 -1 2
118 15 -1 2
114 15 -1 2
113 15 -1 2
108 15 -1 2
107 15 -1 2
106 15 -1 2
101 15 -1 2
94 15 -1 2
93 15 -1 2
92 15 -1 2
83 15 -1 2
81 15 -1 2
80 15 -1 2
73 15 -1 2
72 15 -1 2
65 15 -1 2
63 15 -1 2
62 15 -1 2
56 15 -1 2
788 14 -1 2
787 14 -1 2
269 14 -1 2
264 14 -1 2
251 14 -1 2
249 14 -1 2
240 14 -1 2
239 14 -1 2
237 14 -1 2
236 14 -1 2
235 14 -1 2
227 14 -1 2
225 14 -1 2
224 14 -1 2
223 14 -1 2
222 14 -1 2
212 14 -1 2
211 14 -1 2
210 14 -1 2
207 14 -1 2
204 14 -1 2
192 14 -1 2
188 14 -1 2
187 14 -1 2
186 14 -1 2
185 14 -1 2
176 14 -1 2
170 14 -1 2
169 14 -1 2
159 14 -1 2
156 14 -1 2
155 14 -1 2
152 14 -1 2
117 14 -1 2
116 14 -1 2
115 14 -1 2
114 14 -1 2
107 14 -1 2
105 14 -1 2
104 14 -1 2
103 14 -1 2
95 14 -1 1
83 14 -1 2
82 14 -1 2
74 14 -1 1
66 14 -1 2
65 14 -1 2
64 14 -1 2
63 14 -1 2
61 14 -1 2
57 14 -1 1
52 14 -1 2
25 14 -1 2
272 13 -1 2
252 13 -1 2
250 13 -1 2
249 13 -1 2
241 13 -1 2
239 13 -1 2
238 13 -1 2
236 13 -1 2
234 13 -1 2
228 13 -1 2
226 13 -1 2
223 13 -1 2
222 13 -1 2
211 13 -1 2
210 13 -1 2
195 13 -1 1
189 13 -1 2
187 13 -1 2
186 13 -1 2
172 13 -1 2
155 13 -1 2
146 13 -1 1
120 13 -1 1
116 13 -1 2
108 13 -1 1
104 13 -1 2
99 13 -1 1
86 13 -1 2
68 13 -1 2
67 13 -1 2
62 13 -1 2
52 13 -1 2
51 13 -1 2
27 13 -1 2
25 13 -1 2
24 13 -1 2
17 13 -1 2
251 12 -1 2
249 12 -1 2
248 12 -1 2
242 12 -1 2
240 12 -1 2
238 12 -1 2
237 12 -1 2
235 12 -1 2
233 12 -1 2
227 12 -1 2
223 12 -1 2
211 12 -1 2
209 12 -1 2
202 12 -1 1
193 12 -1 1
190 12 -1 2
188 12 -1 2
186 12 -1 2
178 12 -1 1
161 12 -1 1
150 12 -1 1
112 12 -1 1
105 12 -1 2
104 12 -1 2
86 12 -1 2
85 12 -1 2
67 12 -1 2
27 12 -1 2
26 12 -1 2
784 11 -1 2
744 11 -1 2
743 11 -1 2
738 11 -1 2
733 11 -1 2
729 11 -1 2
711 11 -1 2
707 11 -1 2
629 11 -1 2
621 11 -1 2
618 11 -1 2
613 11 -1 2
611 11 -1 2
605 11 -1 2
596 11 -1 2
532 11 -1 2
531 11 -1 2
522 11 -1 2
499 11 -1 2
498 11 -1 2
491 11 -1 2
481 11 -1 2
471 11 -1 2
454 11 -1 2
396 11 -1 2
276 11 -1 2
262 11 -1 1
252 11 -1 2
250 11 -1 2
248 11 -1 2
247 11 -1 2
241 11 -1 2
238 11 -1 2
236 11 -1 2
234 11 -1 2
223 11 -1 2
215 11 -1 1
211 11 -1 2
210 11 -1 2
208 11 -1 2
205 11 -1 1
189 11 -1 2
182 11 -1 1
166 11 -1 1
106 11 -1 2
105 11 -1 2
104 11 -1 2
87 11 -1 2
86 11 -1 2
56 11 -1 1
743 10 -1 2
742 10 -1 2
739 10 -1 2
738 10 -1 2
737 10 -1 2
734 10 -1 2
733 10 -1 2
732 10 -1 2
730 10 -1 2
729 10 -1 2
728 10 -1 2
712 10 -1 2
711 10 -1 2
710 10 -1 2
708 10 -1 2
707 10 -1 2
706 10 -1 2
630 10 -1 2
629 10 -1 2
628 10 -1 2
622 10 -1 2
621 10 -1 2
620 10 -1 2
619 10 -1 2
618 10 -1 2
617 10 -1 2
614 10 -1 2
613 10 -1 2
612 10 -1 2
611 10 -1 2
610 10 -1 2
606 10 -1 2
605 10 -1 2
604 10 -1 2
531 10 -1 2
530 10 -1 2
498 10 -1 2
497 10 -1 2
492 10 -1 2
491 10 -1 2
490 10 -1 2
482 10 -1 2
481 10 -1 2
480 10 -1 2
472 10 -1 2
471 10 -1 2
470 10 -1 2
455 10 -1 2
454 10 -1 2
453 10 -1 2
397 10 -1 2
396 10 -1 2
395 10 -1 2
278 10 -1 2
266 10 -1 1
248 10 -1 2
246 10 -1 1
235 10 -1 2
233 10 -1 2
224 10 -1 2
223 10 -1 2
219 10 -1 1
211 10 -1 2
209 10 -1 2
136 10 -1 2
134 10 -1 2
106 10 -1 2
104 10 -1 2
103 10 -1 2
87 10 -1 2
47 10 -1 2
46 10 -1 2
793 9 -1 1
788 9 -1 2
787 9 -1 2
786 9 -1 2
268 9 -1 1
227 9 -1 1
223 9 -1 2
222 9 -1 2
211 9 -1 2
210 9 -1 2
208 9 -1 2
186 9 -1 2
112 9 -1 1
103 9 -1 2
87 9 -1 2
78 9 -1 1
73 9 -1 1
61 9 -1 1
47 9 -1 2
787 8 -1 2
276 8 -1 2
238 8 -1 2
223 8 -1 2
220 8 -1 1
212 8 -1 2
211 8 -1 2
209 8 -1 2
187 8 -1 2
186 8 -1 2
185 8 -1 2
125 8 -1 2
118 8 -1 2
116 8 -1 2
103 8 -1 2
87 8 -1 2
86 8 -1 2
67 8 -1 2
276 7 -1 2
275 7 -1 2
274 7 -1 2
269 7 -1 1
239 7 -1 2
238 7 -1 2
237 7 -1 2
224 7 -1 2
223 7 -1 2
214 7 -1 1
212 7 -1 2
189 7 -1 1
186 7 -1 2
183 7 -1 1
172 7 -1 2
126 7 -1 2
124 7 -1 2
119 7 -1 2
117 7 -1 2
116 7 -1 2
115 7 -1 2
111 7 -1 1
104 7 -1 2
103 7 -1 2
102 7 -1 2
67 7 -1 2
66 7 -1 2
65 7 -1 2
64 7 -1 2
63 7 -1 2
55 7 -1 1
275 6 -1 2
273 6 -1 2
241 6 -1 1
238 6 -1 2
235 6 -1 1
226 6 -1 1
223 6 -1 2
213 6 -1 2
212 6 -1 2
173 6 -1 2
172 6 -1 2
171 6 -1 2
155 6 -1 2
127 6 -1 2
125 6 -1 2
118 6 -1 2
116 6 -1 2
103 6 -1 2
102 6 -1 2
81 6 -1 2
70 6 -1 2
69 6 -1 2
66 6 -1 2
64 6 -1 2
63 6 -1 2
50 6 -1 2
274 5 -1 2
270 5 -1 1
238 5 -1 2
213 5 -1 2
174 5 -1 2
172 5 -1 2
128 5 -1 2
127 5 -1 2
126 5 -1 2
117 5 -1 2
114 5 -1 2
113 5 -1 2
110 5 -1 1
102 5 -1 2
101 5 -1 2
100 5 -1 1
82 5 -1 2
81 5 -1 2
71 5 -1 2
70 5 -1 2
65 5 -1 2
61 5 -1 1
238 4 -1 2
237 4 -1 2
236 4 -1 1
223 4 -1 2
213 4 -1 2
186 4 -1 2
177 4 -1 1
173 4 -1 2
126 4 -1 2
125 4 -1 2
113 4 -1 2
112 4 -1 2
111 4 -1 2
102 4 -1 2
248 3 -1 2
238 3 -1 2
225 3 -1 1
224 3 -1 2
223 3 -1 2
222 3 -1 2
213 3 -1 2
212 3 -1 2
186 3 -1 2
185 3 -1 2
111 3 -1 2
110 3 -1 2
101 3 -1 1
793 2 -1 1
271 2 -1 1
247 2 -1 1
239 2 -1 2
223 2 -1 2
222 2 -1 2
211 2 -1 1
184 2 -1 1
175 2 -1 2
168 2 -1 2
151 2 -1 1
62 2 -1 1
6 2 -1 1
250 1 -1 1
237 1 -1 1
224 1 -1 1
215 1 -1 1
188 1 -1 1
160 1 -1 1
145 1 -1 1
94 1 -1 1
55 1 -1 1
