5021 800 768
571 766 -1 1
519 766 -1 1
517 766 -1 1
516 766 -1 1
514 766 -1 1
510 766 -1 1
508 766 -1 1
503 766 -1 1
501 766 -1 1
499 766 -1 2
15 766 -1 1
8 766 -1 1
6 766 -1 1
1 766 -1 1
572 765 -1 1
536 765 -1 2
498 765 -1 2
10 765 -1 1
7 765 -1 2
1 765 -1 2
557 764 -1 2
554 764 -1 1
532 764 -1 2
531 764 -1 2
497 764 -1 1
8 764 -1 2
3 764 -1 2
2 764 -1 2
556 763 -1 2
531 763 -1 2
530 763 -1 2
529 763 -1 2
527 763 -1 2
526 763 -1 2
504 763 -1 1
9 763 -1 2
8 763 -1 2
4 763 -1 2
3 763 -1 2
579 762 -1 1
555 762 -1 1
532 762 -1 1
529 762 -1 2
528 762 -1 2
527 762 -1 2
526 762 -1 2
525 762 -1 2
494 762 -1 2
11 762 -1 2
9 762 -1 2
8 762 -1 2
7 762 -1 2
2 762 -1 1
545 761 -1 1
529 761 -1 2
526 761 -1 2
506 761 -1 1
11 761 -1 2
10 761 -1 2
577 760 -1 1
549 760 -1 1
523 760 -1 2
497 760 -1 2
496 760 -1 2
11 760 -1 2
589 759 -1 1
588 759 -1 1
552 759 -1 1
15 759 -1 1
11 759 -1 2
551 758 -1 2
549 758 -1 2
528 758 -1 1
515 758 -1 1
506 758 -1 1
13 758 -1 2
12 758 -1 2
8 758 -1 2
7 758 -1 2
573 757 -1 1
572 757 -1 1
550 757 -1 2
534 757 -1 1
511 757 -1 1
20 757 -1 2
19 757 -1 2
12 757 -1 2
7 757 -1 2
551 756 -1 2
535 756 -1 1
523 756 -1 1
517 756 -1 1
504 756 -1 2
20 756 -1 2
19 756 -1 2
13 756 -1 2
526 755 -1 1
511 755 -1 1
503 755 -1 2
23 755 -1 1
20 755 -1 2
14 755 -1 2
13 755 -1 2
579 754 -1 1
20 754 -1 2
19 754 -1 2
13 754 -1 2
2 754 -1 2
1 754 -1 2
578 753 -1 1
569 753 -1 1
554 753 -1 1
512 753 -1 1
21 753 -1 2
2 753 -1 2
520 752 -1 1
506 752 -1 1
498 752 -1 1
620 751 -1 1
613 751 -1 1
605 751 -1 1
541 751 -1 1
515 751 -1 2
514 751 -1 2
507 751 -1 1
501 751 -1 1
621 750 -1 1
611 750 -1 1
606 750 -1 1
572 750 -1 1
530 750 -1 2
521 750 -1 2
515 750 -1 2
500 750 -1 2
22 750 -1 2
10 750 -1 2
4 750 -1 2
537 749 -1 1
525 749 -1 1
516 749 -1 2
515 749 -1 2
512 749 -1 2
511 749 -1 2
510 749 -1 1
499 749 -1 1
23 749 -1 2
22 749 -1 2
10 749 -1 2
9 749 -1 2
6 749 -1 2
5 749 -1 2
4 749 -1 2
3 749 -1 2
606 748 -1 1
595 748 -1 1
577 748 -1 1
519 748 -1 2
515 748 -1 2
514 748 -1 2
513 748 -1 2
512 748 -1 2
22 748 -1 2
10 748 -1 2
5 748 -1 2
1 748 -1 1
604 747 -1 1
592 747 -1 1
556 747 -1 1
540 747 -1 1
538 747 -1 1
524 747 -1 1
519 747 -1 1
516 747 -1 1
514 747 -1 2
27 747 -1 1
557 746 -1 1
528 746 -1 1
526 746 -1 1
609 745 -1 1
586 745 -1 1
581 745 -1 1
528 745 -1 1
4 745 -1 2
612 744 -1 1
543 744 -1 1
20 744 -1 2
4 744 -1 2
3 744 -1 2
2 744 -1 1
592 743 -1 1
584 743 -1 2
583 743 -1 1
547 743 -1 1
512 743 -1 1
24 743 -1 2
23 743 -1 2
21 743 -1 2
20 743 -1 2
4 743 -1 2
600 742 -1 1
599 742 -1 1
591 742 -1 1
589 742 -1 1
546 742 -1 2
524 742 -1 1
507 742 -1 2
33 742 -1 2
24 742 -1 2
20 742 -1 2
566 741 -1 1
561 741 -1 2
560 741 -1 2
32 741 -1 2
30 741 -1 1
19 741 -1 2
15 741 -1 2
6 741 -1 2
592 740 -1 1
560 740 -1 2
559 740 -1 2
557 740 -1 1
545 740 -1 2
540 740 -1 1
33 740 -1 2
32 740 -1 2
31 740 -1 2
19 740 -1 2
18 740 -1 2
16 740 -1 2
15 740 -1 2
7 740 -1 2
6 740 -1 2
611 739 -1 1
609 739 -1 1
592 739 -1 1
560 739 -1 2
557 739 -1 1
545 739 -1 2
544 739 -1 2
540 739 -1 2
538 739 -1 2
527 739 -1 1
513 739 -1 2
35 739 -1 1
32 739 -1 2
19 739 -1 2
9 739 -1 2
8 739 -1 2
612 738 -1 1
543 738 -1 2
542 738 -1 2
541 738 -1 2
539 738 -1 2
514 738 -1 1
31 738 -1 2
23 738 -1 1
13 738 -1 2
12 738 -1 2
10 738 -1 2
9 738 -1 2
606 737 -1 1
585 737 -1 1
580 737 -1 1
571 737 -1 1
568 737 -1 2
563 737 -1 1
556 737 -1 1
550 737 -1 1
542 737 -1 2
511 737 -1 1
31 737 -1 2
22 737 -1 2
21 737 -1 2
13 737 -1 2
7 737 -1 1
570 736 -1 2
569 736 -1 2
568 736 -1 2
567 736 -1 2
563 736 -1 2
561 736 -1 2
549 736 -1 2
548 736 -1 2
538 736 -1 2
533 736 -1 1
22 736 -1 2
21 736 -1 2
13 736 -1 2
12 736 -1 2
591 735 -1 1
570 735 -1 2
565 735 -1 2
564 735 -1 2
562 735 -1 2
561 735 -1 2
558 735 -1 2
550 735 -1 2
549 735 -1 2
538 735 -1 2
537 735 -1 2
534 735 -1 1
26 735 -1 1
21 735 -1 2
13 735 -1 2
592 734 -1 1
564 734 -1 2
563 734 -1 2
562 734 -1 2
561 734 -1 2
560 734 -1 2
559 734 -1 2
558 734 -1 2
551 734 -1 2
550 734 -1 2
549 734 -1 2
537 734 -1 2
526 734 -1 1
525 734 -1 1
522 734 -1 1
30 734 -1 2
20 734 -1 1
4 734 -1 2
3 734 -1 2
565 733 -1 2
562 733 -1 2
560 733 -1 2
558 733 -1 2
557 733 -1 2
556 733 -1 1
552 733 -1 1
548 733 -1 1
31 733 -1 2
30 733 -1 2
25 733 -1 2
4 733 -1 2
3 733 -1 2
574 732 -1 1
568 732 -1 1
562 732 -1 1
536 732 -1 1
521 732 -1 1
30 732 -1 2
13 732 -1 1
4 732 -1 2
3 732 -1 2
595 731 -1 1
568 731 -1 1
543 731 -1 1
32 731 -1 1
29 731 -1 2
28 731 -1 2
27 731 -1 2
596 730 -1 1
533 730 -1 1
28 730 -1 2
7 730 -1 2
6 730 -1 2
552 729 -1 1
23 729 -1 1
6 729 -1 2
5 729 -1 2
4 729 -1 1
604 728 -1 1
551 728 -1 1
543 728 -1 1
538 728 -1 1
29 728 -1 2
12 728 -1 1
597 727 -1 1
574 727 -1 1
555 727 -1 2
30 727 -1 2
29 727 -1 2
11 727 -1 2
10 727 -1 2
605 726 -1 2
597 726 -1 1
566 726 -1 1
564 726 -1 1
538 726 -1 1
31 726 -1 2
29 726 -1 2
13 726 -1 1
12 726 -1 2
11 726 -1 2
10 726 -1 2
605 725 -1 2
591 725 -1 1
590 725 -1 1
579 725 -1 1
575 725 -1 1
571 725 -1 1
565 725 -1 2
560 725 -1 1
549 725 -1 1
31 725 -1 1
11 725 -1 2
580 724 -1 2
573 724 -1 1
564 724 -1 1
560 724 -1 1
552 724 -1 1
534 724 -1 1
12 724 -1 1
698 723 -1 1
623 723 -1 1
597 723 -1 1
580 723 -1 2
546 723 -1 1
27 723 -1 1
10 723 -1 2
695 722 -1 1
623 722 -1 1
612 722 -1 1
601 722 -1 1
600 722 -1 1
598 722 -1 1
581 722 -1 2
566 722 -1 1
551 722 -1 1
9 722 -1 2
8 722 -1 1
610 721 -1 2
609 721 -1 2
580 721 -1 1
545 721 -1 1
568 720 -1 2
549 720 -1 2
547 720 -1 2
10 720 -1 1
2 720 -1 1
628 719 -1 1
598 719 -1 2
597 719 -1 2
584 719 -1 2
570 719 -1 2
569 719 -1 2
568 719 -1 2
550 719 -1 2
549 719 -1 2
548 719 -1 2
546 719 -1 1
532 719 -1 1
701 718 -1 1
628 718 -1 1
599 718 -1 2
598 718 -1 2
596 718 -1 1
585 718 -1 2
584 718 -1 2
571 718 -1 2
570 718 -1 2
549 718 -1 2
532 718 -1 1
528 718 -1 1
9 718 -1 2
706 717 -1 1
600 717 -1 1
598 717 -1 2
586 717 -1 2
585 717 -1 2
571 717 -1 2
570 717 -1 2
529 717 -1 2
525 717 -1 1
10 717 -1 2
9 717 -1 2
8 717 -1 2
7 717 -1 2
3 717 -1 2
705 716 -1 1
700 716 -1 1
596 716 -1 1
585 716 -1 2
577 716 -1 2
571 716 -1 2
570 716 -1 2
569 716 -1 2
549 716 -1 2
529 716 -1 2
528 716 -1 2
11 716 -1 2
10 716 -1 2
8 716 -1 2
3 716 -1 2
2 716 -1 2
1 716 -1 1
584 715 -1 1
577 715 -1 2
576 715 -1 2
573 715 -1 2
572 715 -1 2
553 715 -1 1
550 715 -1 2
549 715 -1 2
543 715 -1 1
541 715 -1 1
529 715 -1 2
11 715 -1 2
7 715 -1 1
616 714 -1 1
590 714 -1 1
579 714 -1 1
578 714 -1 2
577 714 -1 2
572 714 -1 2
564 714 -1 2
563 714 -1 2
549 714 -1 2
548 714 -1 2
545 714 -1 1
541 714 -1 2
529 714 -1 2
645 713 -1 1
577 713 -1 2
563 713 -1 2
553 713 -1 2
542 713 -1 2
541 713 -1 2
540 713 -1 2
530 713 -1 2
529 713 -1 2
528 713 -1 2
644 712 -1 1
616 712 -1 1
607 712 -1 1
590 712 -1 1
577 712 -1 1
554 712 -1 2
538 712 -1 1
528 712 -1 2
606 711 -1 1
582 711 -1 1
571 711 -1 2
558 711 -1 2
556 711 -1 2
527 711 -1 1
647 710 -1 1
603 710 -1 1
590 710 -1 2
576 710 -1 1
572 710 -1 2
571 710 -1 2
570 710 -1 2
563 710 -1 2
557 710 -1 2
16 710 -1 2
15 710 -1 2
615 709 -1 1
612 709 -1 1
611 709 -1 1
607 709 -1 1
605 709 -1 1
594 709 -1 2
593 709 -1 2
591 709 -1 2
590 709 -1 2
589 709 -1 2
588 709 -1 1
584 709 -1 1
564 709 -1 2
563 709 -1 2
557 709 -1 1
16 709 -1 2
14 709 -1 1
646 708 -1 1
616 708 -1 1
593 708 -1 2
592 708 -1 2
574 708 -1 2
565 708 -1 2
564 708 -1 2
562 708 -1 1
595 707 -1 1
593 707 -1 2
573 707 -1 1
564 707 -1 2
551 707 -1 2
548 707 -1 1
610 706 -1 2
594 706 -1 2
593 706 -1 2
592 706 -1 2
584 706 -1 1
581 706 -1 1
552 706 -1 2
551 706 -1 2
550 706 -1 2
14 706 -1 1
647 705 -1 1
617 705 -1 1
610 705 -1 2
609 705 -1 2
597 705 -1 1
594 705 -1 2
589 705 -1 1
583 705 -1 2
646 704 -1 1
612 704 -1 1
607 704 -1 1
595 704 -1 2
583 704 -1 2
582 704 -1 2
569 704 -1 1
565 704 -1 2
558 704 -1 2
557 704 -1 2
614 703 -1 1
597 703 -1 1
596 703 -1 2
595 703 -1 2
583 703 -1 2
582 703 -1 2
566 703 -1 2
558 703 -1 2
557 703 -1 2
556 703 -1 2
653 702 -1 1
651 702 -1 1
637 702 -1 1
615 702 -1 2
595 702 -1 2
584 702 -1 2
560 702 -1 2
559 702 -1 2
650 701 -1 1
595 701 -1 2
591 701 -1 1
585 701 -1 2
584 701 -1 2
568 701 -1 2
567 701 -1 2
559 701 -1 2
635 700 -1 2
633 700 -1 1
612 700 -1 2
601 700 -1 1
598 700 -1 1
596 700 -1 2
595 700 -1 2
594 700 -1 2
593 700 -1 2
586 700 -1 2
585 700 -1 2
583 700 -1 2
582 700 -1 2
571 700 -1 1
567 700 -1 2
566 700 -1 2
559 700 -1 2
653 699 -1 1
637 699 -1 1
611 699 -1 1
594 699 -1 2
582 699 -1 2
581 699 -1 2
562 699 -1 1
559 699 -1 2
558 699 -1 2
556 699 -1 1
603 698 -1 1
581 698 -1 2
580 698 -1 2
559 698 -1 2
542 698 -1 1
540 698 -1 1
592 697 -1 1
560 697 -1 1
656 696 -1 1
613 696 -1 1
571 696 -1 1
658 695 -1 2
657 695 -1 2
624 695 -1 1
614 695 -1 1
591 695 -1 1
570 695 -1 2
562 695 -1 1
658 694 -1 2
640 694 -1 1
623 694 -1 2
586 694 -1 1
581 694 -1 1
571 694 -1 2
560 694 -1 1
559 694 -1 1
655 693 -1 1
589 693 -1 1
585 693 -1 1
582 693 -1 1
570 693 -1 2
569 693 -1 1
628 692 -1 1
607 692 -1 2
606 692 -1 2
640 691 -1 1
631 691 -1 1
630 691 -1 1
600 691 -1 1
594 689 -1 1
639 688 -1 2
638 688 -1 2
610 688 -1 2
593 688 -1 2
592 688 -1 1
588 688 -1 1
587 688 -1 2
586 688 -1 2
566 688 -1 1
639 687 -1 2
610 687 -1 2
594 687 -1 1
586 687 -1 2
567 687 -1 1
601 686 -1 1
600 686 -1 2
599 686 -1 2
578 686 -1 1
640 685 -1 2
636 685 -1 1
629 685 -1 1
608 685 -1 2
599 685 -1 2
587 685 -1 1
578 685 -1 1
631 684 -1 1
609 684 -1 2
608 684 -1 2
600 684 -1 2
599 684 -1 2
636 683 -1 1
609 683 -1 2
601 683 -1 2
600 683 -1 2
593 683 -1 1
589 683 -1 1
622 682 -1 1
610 682 -1 2
583 682 -1 1
578 682 -1 1
596 681 -1 2
592 681 -1 2
590 681 -1 2
577 681 -1 1
570 681 -1 2
641 680 -1 1
618 680 -1 2
608 680 -1 2
605 680 -1 2
604 680 -1 2
595 680 -1 2
591 680 -1 2
570 680 -1 2
569 680 -1 2
568 680 -1 1
618 679 -1 2
617 679 -1 2
616 679 -1 2
609 679 -1 2
608 679 -1 2
607 679 -1 2
606 679 -1 2
605 679 -1 2
585 679 -1 2
639 678 -1 2
638 678 -1 2
625 678 -1 1
616 678 -1 2
586 678 -1 2
585 678 -1 2
584 678 -1 2
573 678 -1 1
640 677 -1 2
639 677 -1 2
638 677 -1 2
607 677 -1 1
584 677 -1 2
583 677 -1 2
582 677 -1 2
573 677 -1 1
639 676 -1 2
599 676 -1 2
598 676 -1 2
585 676 -1 1
582 676 -1 2
621 675 -1 1
613 675 -1 2
606 675 -1 2
598 675 -1 2
641 674 -1 2
621 674 -1 2
607 674 -1 1
605 674 -1 1
597 674 -1 2
596 674 -1 1
623 673 -1 1
622 673 -1 2
621 673 -1 2
590 673 -1 2
611 672 -1 2
591 672 -1 2
590 672 -1 2
613 671 -1 1
612 671 -1 2
610 671 -1 2
604 671 -1 1
590 671 -1 2
589 671 -1 2
588 671 -1 1
580 671 -1 1
647 670 -1 1
644 670 -1 1
620 670 -1 2
611 670 -1 2
610 670 -1 2
609 670 -1 2
582 670 -1 1
646 669 -1 2
645 669 -1 2
639 669 -1 1
624 669 -1 1
621 669 -1 2
620 669 -1 2
619 669 -1 2
617 669 -1 1
611 669 -1 2
604 669 -1 2
600 669 -1 2
646 668 -1 2
640 668 -1 1
620 668 -1 2
606 668 -1 2
605 668 -1 2
603 668 -1 2
601 668 -1 2
600 668 -1 2
594 668 -1 1
620 667 -1 2
605 667 -1 2
604 667 -1 2
673 666 -1 1
646 666 -1 2
621 666 -1 2
620 666 -1 2
619 666 -1 2
616 666 -1 1
675 665 -1 1
649 665 -1 1
645 665 -1 1
628 665 -1 2
618 665 -1 2
610 665 -1 1
595 665 -1 2
587 665 -1 1
683 664 -1 1
639 664 -1 1
608 664 -1 2
596 664 -1 2
595 664 -1 2
684 663 -1 1
668 663 -1 2
667 663 -1 2
624 663 -1 2
609 663 -1 2
608 663 -1 2
607 663 -1 2
605 663 -1 1
667 662 -1 2
641 662 -1 1
625 662 -1 2
624 662 -1 2
609 662 -1 2
594 662 -1 2
625 661 -1 2
614 661 -1 2
613 661 -1 2
612 661 -1 2
611 661 -1 2
610 661 -1 2
594 661 -1 2
593 661 -1 2
591 661 -1 2
627 660 -1 2
626 660 -1 2
614 660 -1 2
611 660 -1 2
606 660 -1 1
594 660 -1 2
589 660 -1 1
677 659 -1 1
647 659 -1 1
631 659 -1 2
626 659 -1 2
596 659 -1 2
595 659 -1 2
645 658 -1 1
632 658 -1 2
631 658 -1 2
630 658 -1 2
603 658 -1 1
595 658 -1 2
674 657 -1 1
668 657 -1 1
644 657 -1 1
635 657 -1 2
634 657 -1 2
630 657 -1 2
626 657 -1 1
602 657 -1 2
595 657 -1 2
666 656 -1 1
637 656 -1 2
636 656 -1 2
635 656 -1 2
630 656 -1 1
596 656 -1 2
595 656 -1 2
652 655 -1 1
637 655 -1 2
636 655 -1 2
619 655 -1 2
618 655 -1 2
595 655 -1 2
636 654 -1 2
629 654 -1 1
618 654 -1 2
617 654 -1 2
603 654 -1 2
594 654 -1 2
651 653 -1 1
620 653 -1 2
619 653 -1 2
610 653 -1 2
603 653 -1 2
602 653 -1 2
594 653 -1 2
688 652 -1 1
650 652 -1 1
641 652 -1 1
624 652 -1 2
623 652 -1 2
619 652 -1 2
611 652 -1 2
610 652 -1 2
609 652 -1 2
604 652 -1 2
603 652 -1 2
602 652 -1 2
641 651 -1 2
633 651 -1 2
625 651 -1 2
624 651 -1 2
608 651 -1 2
607 651 -1 2
606 651 -1 2
605 651 -1 2
604 651 -1 2
600 651 -1 1
686 650 -1 1
659 650 -1 2
642 650 -1 2
641 650 -1 2
633 650 -1 2
632 650 -1 2
625 650 -1 2
608 650 -1 2
607 650 -1 2
604 650 -1 2
597 650 -1 1
659 649 -1 2
641 649 -1 2
640 649 -1 2
634 649 -1 2
633 649 -1 2
625 649 -1 2
609 649 -1 2
4 649 -1 2
634 648 -1 2
625 648 -1 2
624 648 -1 2
620 648 -1 2
610 648 -1 2
609 648 -1 2
605 648 -1 1
596 648 -1 2
5 648 -1 2
4 648 -1 2
3 648 -1 2
634 647 -1 2
633 647 -1 2
612 647 -1 2
609 647 -1 2
601 647 -1 2
597 647 -1 2
596 647 -1 2
595 647 -1 2
4 647 -1 2
3 647 -1 2
2 647 -1 2
685 646 -1 1
636 646 -1 2
635 646 -1 2
628 646 -1 2
627 646 -1 2
618 646 -1 2
617 646 -1 2
614 646 -1 2
613 646 -1 2
612 646 -1 2
608 646 -1 2
602 646 -1 2
601 646 -1 2
600 646 -1 2
599 646 -1 2
594 646 -1 2
593 646 -1 2
588 646 -1 1
4 646 -1 2
1 646 -1 1
672 645 -1 1
660 645 -1 2
659 645 -1 2
647 645 -1 1
642 645 -1 1
636 645 -1 2
627 645 -1 2
618 645 -1 2
613 645 -1 2
608 645 -1 2
607 645 -1 2
605 645 -1 1
602 645 -1 2
600 645 -1 2
594 645 -1 2
4 645 -1 2
683 644 -1 1
659 644 -1 2
647 644 -1 2
637 644 -1 2
636 644 -1 2
608 644 -1 2
602 644 -1 1
594 644 -1 1
4 644 -1 2
3 644 -1 2
2 644 -1 1
675 643 -1 2
648 643 -1 2
647 643 -1 2
641 643 -1 2
639 643 -1 2
612 643 -1 1
609 643 -1 2
608 643 -1 2
5 643 -1 2
697 642 -1 2
696 642 -1 2
694 642 -1 1
647 642 -1 2
646 642 -1 2
641 642 -1 2
640 642 -1 2
608 642 -1 2
5 642 -1 2
661 641 -1 2
648 641 -1 2
643 641 -1 2
642 641 -1 2
637 641 -1 1
621 641 -1 2
608 641 -1 2
5 641 -1 2
1 641 -1 1
681 640 -1 1
673 640 -1 1
642 640 -1 2
627 640 -1 2
622 640 -1 2
621 640 -1 2
620 640 -1 2
611 640 -1 2
610 640 -1 2
609 640 -1 2
9 640 -1 1
2 640 -1 2
672 639 -1 1
627 639 -1 2
626 639 -1 2
620 639 -1 2
610 639 -1 2
606 639 -1 1
9 639 -1 2
683 638 -1 1
670 638 -1 1
653 638 -1 1
642 638 -1 2
629 638 -1 2
628 638 -1 2
614 638 -1 2
613 638 -1 2
8 638 -1 2
702 637 -1 1
672 637 -1 1
645 637 -1 1
644 637 -1 1
642 637 -1 2
641 637 -1 2
639 637 -1 1
628 637 -1 2
618 637 -1 1
616 637 -1 1
615 637 -1 2
614 637 -1 2
9 637 -1 2
703 636 -1 1
673 636 -1 1
665 636 -1 1
655 636 -1 2
642 636 -1 2
628 636 -1 2
627 636 -1 2
614 636 -1 2
649 635 -1 2
648 635 -1 2
629 635 -1 2
628 635 -1 2
622 635 -1 1
620 635 -1 1
612 635 -1 1
682 634 -1 1
653 634 -1 2
652 634 -1 1
648 634 -1 2
634 634 -1 1
633 634 -1 2
632 634 -1 2
631 634 -1 2
630 634 -1 2
619 634 -1 1
15 634 -1 2
14 634 -1 2
9 634 -1 2
696 633 -1 1
684 633 -1 1
668 633 -1 1
667 633 -1 1
654 633 -1 1
649 633 -1 2
648 633 -1 2
632 633 -1 2
631 633 -1 2
627 633 -1 2
624 633 -1 1
14 633 -1 2
13 633 -1 2
10 633 -1 2
9 633 -1 2
8 633 -1 2
7 633 -1 2
3 633 -1 2
2 633 -1 2
672 632 -1 1
658 632 -1 1
642 632 -1 2
640 632 -1 1
633 632 -1 2
627 632 -1 2
626 632 -1 2
625 632 -1 2
8 632 -1 2
2 632 -1 2
706 631 -1 1
699 631 -1 1
657 631 -1 2
642 631 -1 2
641 631 -1 2
633 631 -1 2
627 631 -1 2
626 631 -1 2
16 631 -1 2
8 631 -1 2
1 631 -1 1
686 630 -1 1
656 630 -1 2
652 630 -1 2
645 630 -1 2
642 630 -1 2
641 630 -1 2
640 630 -1 2
638 630 -1 1
633 630 -1 2
627 630 -1 2
623 630 -1 1
614 630 -1 1
17 630 -1 2
8 630 -1 2
7 630 -1 2
4 630 -1 1
687 629 -1 1
681 629 -1 1
673 629 -1 1
652 629 -1 2
651 629 -1 2
650 629 -1 1
645 629 -1 2
644 629 -1 2
643 629 -1 2
641 629 -1 2
632 629 -1 2
631 629 -1 1
615 629 -1 2
8 629 -1 2
653 628 -1 2
644 628 -1 2
641 628 -1 2
640 628 -1 2
621 628 -1 1
618 628 -1 1
617 628 -1 2
616 628 -1 2
615 628 -1 2
9 628 -1 2
8 628 -1 2
711 627 -1 1
702 627 -1 1
653 627 -1 2
627 627 -1 2
620 627 -1 1
616 627 -1 2
694 626 -1 1
653 626 -1 2
627 626 -1 2
16 626 -1 2
708 625 -1 1
694 625 -1 1
683 625 -1 1
677 625 -1 2
676 625 -1 2
675 625 -1 1
650 625 -1 1
636 625 -1 2
632 625 -1 1
628 625 -1 2
16 625 -1 2
15 625 -1 2
677 624 -1 2
664 624 -1 1
657 624 -1 2
649 624 -1 2
648 624 -1 2
635 624 -1 2
632 624 -1 2
629 624 -1 2
628 624 -1 2
615 624 -1 2
614 624 -1 1
15 624 -1 2
14 624 -1 2
13 624 -1 2
697 623 -1 1
678 623 -1 2
658 623 -1 2
655 623 -1 2
649 623 -1 2
648 623 -1 2
639 623 -1 2
628 623 -1 2
15 623 -1 2
14 623 -1 2
4 623 -1 1
693 622 -1 1
679 622 -1 2
674 622 -1 1
664 622 -1 1
659 622 -1 2
654 622 -1 2
653 622 -1 2
639 622 -1 2
638 622 -1 2
637 622 -1 1
14 622 -1 2
681 621 -1 2
680 621 -1 2
660 621 -1 2
656 621 -1 1
653 621 -1 2
652 621 -1 2
651 621 -1 2
646 621 -1 1
639 621 -1 2
633 621 -1 1
16 621 -1 1
13 621 -1 2
12 621 -1 1
6 621 -1 1
682 620 -1 2
681 620 -1 2
657 620 -1 1
653 620 -1 2
652 620 -1 2
641 620 -1 2
640 620 -1 2
634 620 -1 1
625 620 -1 1
6 620 -1 2
650 619 -1 1
641 619 -1 2
6 619 -1 2
5 619 -1 2
3 619 -1 1
691 618 -1 1
690 618 -1 1
684 618 -1 1
640 618 -1 1
7 618 -1 2
6 618 -1 2
658 617 -1 2
657 617 -1 2
648 617 -1 1
7 617 -1 2
4 617 -1 1
701 616 -1 1
692 616 -1 1
691 616 -1 1
665 616 -1 1
651 616 -1 2
650 616 -1 2
649 616 -1 2
638 616 -1 1
623 616 -1 1
8 616 -1 2
7 616 -1 2
700 615 -1 1
664 615 -1 1
661 615 -1 2
660 615 -1 2
650 615 -1 2
8 615 -1 2
5 615 -1 1
692 614 -1 1
691 614 -1 1
662 614 -1 2
661 614 -1 2
646 614 -1 1
9 614 -1 2
700 613 -1 1
699 613 -1 1
689 613 -1 1
688 613 -1 1
649 613 -1 1
646 613 -1 2
10 613 -1 2
663 612 -1 1
655 612 -1 1
631 612 -1 1
10 612 -1 1
663 611 -1 2
637 611 -1 1
621 611 -1 1
665 610 -1 1
654 610 -1 2
631 610 -1 1
667 609 -1 1
660 609 -1 1
658 609 -1 1
655 609 -1 2
654 609 -1 2
653 609 -1 2
651 609 -1 1
674 608 -1 1
658 608 -1 1
654 608 -1 2
646 608 -1 1
629 608 -1 1
707 607 -1 1
667 607 -1 1
644 607 -1 2
643 607 -1 2
628 607 -1 2
673 606 -1 1
654 606 -1 2
646 606 -1 1
645 606 -1 2
644 606 -1 2
629 606 -1 2
628 606 -1 2
704 605 -1 1
654 605 -1 2
653 605 -1 2
651 605 -1 1
623 605 -1 2
642 604 -1 2
641 604 -1 2
641 603 -1 2
661 602 -1 1
633 602 -1 1
707 601 -1 1
684 601 -1 1
662 601 -1 2
655 601 -1 1
654 601 -1 2
653 601 -1 2
714 600 -1 2
678 600 -1 1
673 600 -1 1
653 600 -1 2
652 600 -1 2
651 600 -1 2
715 599 -1 1
709 599 -1 2
651 599 -1 2
710 598 -1 2
686 598 -1 2
685 598 -1 2
679 598 -1 2
671 598 -1 2
669 598 -1 1
711 597 -1 2
686 597 -1 2
673 597 -1 1
672 597 -1 2
671 597 -1 2
670 597 -1 2
711 596 -1 2
671 596 -1 2
661 596 -1 1
680 595 -1 1
666 595 -1 1
657 595 -1 2
649 595 -1 2
708 594 -1 1
667 594 -1 1
659 594 -1 2
658 594 -1 2
655 594 -1 1
649 594 -1 2
648 594 -1 2
647 594 -1 2
646 594 -1 2
645 594 -1 2
636 594 -1 1
690 593 -1 1
679 593 -1 2
658 593 -1 2
653 593 -1 1
652 593 -1 1
646 593 -1 2
635 593 -1 1
691 592 -1 2
686 592 -1 1
679 592 -1 2
678 592 -1 2
677 592 -1 1
686 591 -1 2
668 591 -1 1
666 591 -1 1
686 590 -1 2
687 589 -1 2
651 589 -1 2
637 589 -1 1
716 588 -1 1
693 588 -1 2
663 588 -1 2
650 588 -1 2
636 588 -1 1
714 587 -1 1
694 587 -1 2
693 587 -1 2
685 587 -1 2
676 587 -1 1
665 587 -1 1
664 587 -1 2
663 587 -1 2
655 587 -1 2
649 587 -1 2
718 586 -1 1
694 586 -1 2
693 586 -1 2
692 586 -1 2
685 586 -1 2
684 586 -1 2
680 586 -1 2
679 586 -1 2
676 586 -1 2
663 586 -1 2
725 585 -1 1
719 585 -1 1
692 585 -1 2
685 585 -1 2
682 585 -1 2
681 585 -1 2
673 585 -1 2
672 585 -1 2
662 585 -1 2
715 584 -1 1
714 584 -1 1
693 584 -1 2
692 584 -1 2
681 584 -1 2
671 584 -1 2
669 584 -1 1
664 584 -1 2
663 584 -1 2
662 584 -1 2
725 583 -1 1
670 583 -1 2
663 583 -1 2
653 583 -1 2
651 583 -1 1
695 582 -1 1
653 582 -1 2
651 582 -1 2
699 581 -1 2
698 581 -1 2
689 581 -1 2
688 581 -1 2
677 581 -1 1
675 581 -1 1
668 581 -1 2
667 581 -1 2
652 581 -1 2
651 581 -1 2
650 581 -1 2
699 580 -1 2
688 580 -1 2
680 580 -1 2
677 580 -1 2
675 580 -1 2
667 580 -1 2
653 580 -1 2
652 580 -1 2
687 579 -1 2
680 579 -1 2
679 579 -1 2
678 579 -1 2
677 579 -1 2
676 579 -1 2
675 579 -1 2
662 579 -1 1
659 579 -1 1
648 579 -1 2
647 579 -1 2
728 578 -1 1
694 578 -1 1
688 578 -1 2
687 578 -1 2
680 578 -1 2
677 578 -1 2
673 578 -1 1
662 578 -1 2
646 578 -1 2
729 577 -1 1
724 577 -1 2
702 577 -1 1
686 577 -1 2
685 577 -1 2
662 577 -1 2
661 577 -1 2
660 577 -1 2
646 577 -1 2
645 577 -1 2
724 576 -1 1
702 576 -1 2
700 576 -1 2
691 576 -1 2
690 576 -1 2
685 576 -1 2
684 576 -1 2
682 576 -1 2
664 576 -1 2
663 576 -1 2
661 576 -1 2
660 576 -1 2
646 576 -1 2
732 575 -1 1
703 575 -1 2
702 575 -1 2
700 575 -1 2
699 575 -1 2
698 575 -1 1
690 575 -1 2
685 575 -1 2
661 575 -1 2
647 575 -1 1
731 574 -1 1
701 574 -1 2
690 574 -1 2
689 574 -1 2
660 574 -1 1
653 574 -1 1
641 574 -1 1
750 573 -1 1
701 573 -1 2
700 573 -1 2
698 573 -1 1
694 573 -1 2
690 573 -1 2
686 573 -1 1
751 572 -1 1
701 572 -1 2
663 572 -1 1
738 571 -1 1
708 571 -1 2
692 571 -1 2
679 571 -1 2
675 571 -1 1
662 571 -1 2
737 570 -1 1
726 570 -1 1
708 570 -1 2
707 570 -1 2
692 570 -1 1
680 570 -1 2
679 570 -1 2
678 570 -1 2
675 570 -1 2
726 569 -1 2
706 569 -1 2
705 569 -1 2
698 569 -1 2
680 569 -1 2
677 569 -1 2
676 569 -1 2
675 569 -1 2
674 569 -1 2
658 569 -1 1
652 569 -1 2
651 569 -1 1
727 568 -1 2
726 568 -1 2
710 568 -1 2
705 568 -1 2
687 568 -1 1
676 568 -1 2
671 568 -1 2
670 568 -1 2
656 568 -1 1
654 568 -1 1
648 568 -1 2
730 567 -1 1
711 567 -1 2
704 567 -1 2
691 567 -1 2
687 567 -1 2
676 567 -1 1
670 567 -1 2
754 566 -1 1
729 566 -1 2
724 566 -1 1
704 566 -1 2
703 566 -1 2
692 566 -1 2
686 566 -1 2
683 566 -1 2
669 566 -1 2
668 566 -1 2
663 566 -1 2
662 566 -1 1
646 566 -1 1
737 565 -1 1
729 565 -1 1
711 565 -1 2
704 565 -1 2
700 565 -1 1
699 565 -1 1
687 565 -1 2
664 565 -1 2
751 564 -1 1
735 564 -1 1
713 564 -1 2
712 564 -1 2
711 564 -1 2
694 564 -1 2
689 564 -1 2
688 564 -1 2
666 564 -1 2
665 564 -1 2
664 564 -1 2
658 564 -1 1
713 563 -1 2
712 563 -1 2
688 563 -1 2
681 563 -1 2
672 563 -1 2
659 563 -1 1
759 562 -1 1
756 562 -1 1
735 562 -1 1
706 562 -1 2
693 562 -1 1
681 562 -1 2
680 562 -1 2
679 562 -1 1
674 562 -1 1
673 562 -1 2
671 562 -1 2
670 562 -1 1
734 561 -1 1
709 561 -1 2
708 561 -1 2
707 561 -1 2
706 561 -1 2
681 561 -1 2
672 561 -1 2
713 560 -1 1
709 560 -1 2
705 560 -1 2
704 560 -1 2
703 560 -1 2
690 560 -1 1
687 560 -1 2
673 560 -1 2
711 559 -1 2
710 559 -1 2
703 559 -1 2
702 559 -1 2
689 559 -1 2
688 559 -1 2
675 559 -1 1
674 559 -1 2
673 559 -1 2
666 559 -1 1
710 558 -1 2
698 558 -1 2
697 558 -1 2
688 558 -1 2
755 557 -1 1
697 557 -1 2
671 557 -1 2
670 557 -1 2
55 557 -1 2
54 557 -1 2
53 557 -1 1
758 556 -1 1
719 556 -1 2
710 556 -1 2
689 556 -1 2
678 556 -1 2
671 556 -1 2
77 556 -1 1
55 556 -1 2
715 555 -1 1
713 555 -1 2
712 555 -1 2
711 555 -1 2
710 555 -1 2
701 555 -1 1
689 555 -1 2
688 555 -1 2
687 555 -1 2
679 555 -1 2
678 555 -1 2
77 555 -1 2
74 555 -1 1
712 554 -1 2
709 554 -1 1
706 554 -1 2
705 554 -1 2
704 554 -1 1
700 554 -1 2
696 554 -1 2
695 554 -1 2
691 554 -1 2
690 554 -1 2
688 554 -1 2
686 554 -1 2
679 554 -1 2
673 554 -1 1
77 554 -1 2
76 554 -1 2
55 554 -1 2
700 553 -1 2
699 553 -1 2
696 553 -1 2
690 553 -1 2
680 553 -1 2
78 553 -1 2
57 553 -1 1
56 553 -1 2
55 553 -1 2
54 553 -1 2
49 553 -1 1
723 552 -1 2
712 552 -1 2
706 552 -1 1
698 552 -1 2
683 552 -1 2
679 552 -1 1
79 552 -1 2
78 552 -1 2
64 552 -1 2
63 552 -1 2
51 552 -1 2
50 552 -1 2
723 551 -1 2
713 551 -1 1
673 551 -1 2
82 551 -1 1
78 551 -1 2
63 551 -1 2
62 551 -1 2
61 551 -1 2
52 551 -1 2
50 551 -1 2
726 550 -1 1
724 550 -1 2
710 550 -1 1
689 550 -1 2
688 550 -1 2
687 550 -1 1
685 550 -1 1
674 550 -1 2
673 550 -1 2
62 550 -1 2
59 550 -1 1
53 550 -1 2
704 549 -1 2
703 549 -1 2
702 549 -1 2
689 549 -1 2
76 549 -1 2
54 549 -1 2
722 548 -1 1
703 548 -1 2
698 548 -1 1
688 548 -1 2
685 548 -1 1
679 548 -1 2
678 548 -1 2
76 548 -1 2
75 548 -1 2
43 548 -1 1
707 547 -1 2
697 547 -1 1
688 547 -1 2
679 547 -1 2
63 547 -1 2
55 547 -1 2
708 546 -1 2
707 546 -1 2
678 546 -1 1
74 546 -1 2
64 546 -1 2
63 546 -1 2
62 546 -1 2
57 546 -1 2
56 546 -1 2
55 546 -1 2
727 545 -1 1
726 545 -1 1
722 545 -1 2
721 545 -1 2
719 545 -1 1
707 545 -1 2
701 545 -1 1
697 545 -1 1
690 545 -1 2
682 545 -1 2
681 545 -1 2
676 545 -1 1
77 545 -1 1
75 545 -1 2
74 545 -1 2
73 545 -1 2
63 545 -1 2
56 545 -1 2
720 544 -1 2
697 544 -1 2
691 544 -1 2
690 544 -1 2
681 544 -1 2
74 544 -1 2
46 544 -1 2
724 543 -1 1
698 543 -1 2
697 543 -1 2
696 543 -1 2
695 543 -1 2
677 543 -1 1
74 543 -1 2
46 543 -1 2
45 543 -1 2
719 542 -1 2
696 542 -1 2
76 542 -1 2
75 542 -1 2
74 542 -1 2
53 542 -1 2
46 542 -1 2
45 542 -1 2
44 542 -1 2
719 541 -1 2
718 541 -1 2
682 541 -1 2
76 541 -1 2
64 541 -1 2
53 541 -1 2
52 541 -1 2
42 541 -1 1
718 540 -1 2
704 540 -1 2
702 540 -1 2
687 540 -1 2
683 540 -1 2
682 540 -1 2
63 540 -1 2
62 540 -1 2
61 540 -1 2
60 540 -1 1
55 540 -1 1
35 540 -1 1
717 539 -1 1
704 539 -1 2
703 539 -1 2
702 539 -1 2
701 539 -1 2
696 539 -1 2
688 539 -1 2
687 539 -1 2
686 539 -1 2
685 539 -1 2
684 539 -1 2
680 539 -1 1
66 539 -1 2
62 539 -1 2
50 539 -1 2
49 539 -1 2
48 539 -1 2
38 539 -1 1
705 538 -1 2
704 538 -1 2
696 538 -1 2
695 538 -1 2
689 538 -1 2
688 538 -1 2
685 538 -1 2
683 538 -1 1
70 538 -1 2
67 538 -1 2
66 538 -1 2
61 538 -1 1
48 538 -1 2
706 537 -1 2
704 537 -1 2
699 537 -1 2
697 537 -1 2
685 537 -1 1
70 537 -1 2
69 537 -1 2
66 537 -1 2
698 536 -1 2
697 536 -1 2
691 536 -1 2
71 536 -1 2
70 536 -1 2
54 536 -1 1
46 536 -1 2
729 535 -1 1
724 535 -1 2
722 535 -1 1
706 535 -1 1
697 535 -1 2
691 535 -1 2
65 535 -1 2
53 535 -1 2
47 535 -1 2
46 535 -1 2
45 535 -1 2
41 535 -1 1
725 534 -1 2
724 534 -1 2
723 534 -1 2
715 534 -1 2
702 534 -1 1
696 534 -1 2
691 534 -1 2
690 534 -1 2
64 534 -1 2
47 534 -1 2
46 534 -1 2
43 534 -1 2
42 534 -1 2
730 533 -1 1
726 533 -1 1
716 533 -1 2
715 533 -1 2
714 533 -1 2
696 533 -1 2
695 533 -1 2
691 533 -1 2
74 533 -1 1
63 533 -1 1
54 533 -1 2
48 533 -1 1
46 533 -1 2
42 533 -1 2
41 533 -1 2
739 532 -1 1
715 532 -1 2
693 532 -1 2
692 532 -1 2
688 532 -1 1
686 532 -1 1
33 532 -1 1
740 531 -1 1
715 531 -1 1
52 531 -1 1
46 531 -1 1
38 531 -1 2
37 531 -1 2
731 530 -1 1
700 530 -1 2
699 530 -1 2
66 530 -1 1
57 530 -1 2
38 530 -1 2
37 530 -1 2
36 530 -1 2
730 529 -1 1
708 529 -1 1
706 529 -1 2
705 529 -1 2
701 529 -1 2
700 529 -1 2
699 529 -1 2
696 529 -1 1
66 529 -1 2
59 529 -1 2
58 529 -1 2
37 529 -1 2
725 528 -1 1
707 528 -1 2
700 528 -1 2
692 528 -1 2
67 528 -1 2
38 528 -1 2
37 528 -1 2
735 527 -1 1
726 527 -1 1
707 527 -1 2
706 527 -1 2
700 527 -1 2
693 527 -1 2
692 527 -1 2
691 527 -1 2
690 527 -1 1
69 527 -1 2
68 527 -1 2
48 527 -1 2
38 527 -1 2
731 526 -1 1
718 526 -1 1
713 526 -1 1
701 526 -1 2
700 526 -1 2
699 526 -1 2
698 526 -1 1
692 526 -1 2
72 526 -1 1
34 526 -1 1
719 525 -1 1
704 525 -1 2
703 525 -1 2
691 525 -1 1
71 525 -1 2
53 525 -1 1
49 525 -1 2
39 525 -1 1
743 524 -1 2
739 524 -1 1
733 524 -1 2
710 524 -1 1
72 524 -1 2
65 524 -1 2
62 524 -1 2
53 524 -1 2
50 524 -1 2
745 523 -1 1
744 523 -1 2
743 523 -1 2
742 523 -1 2
732 523 -1 2
726 523 -1 1
714 523 -1 1
66 523 -1 2
65 523 -1 2
64 523 -1 2
63 523 -1 2
62 523 -1 2
53 523 -1 2
52 523 -1 2
31 523 -1 1
743 522 -1 2
727 522 -1 1
67 522 -1 2
66 522 -1 2
62 522 -1 2
34 522 -1 2
33 522 -1 2
31 522 -1 2
743 521 -1 2
729 521 -1 1
72 521 -1 1
68 521 -1 1
34 521 -1 2
33 521 -1 2
32 521 -1 2
31 521 -1 2
742 520 -1 2
741 520 -1 1
72 520 -1 1
35 520 -1 2
743 519 -1 1
738 519 -1 1
713 519 -1 2
60 519 -1 2
59 519 -1 2
58 519 -1 2
57 519 -1 2
35 519 -1 2
739 518 -1 1
58 518 -1 2
57 518 -1 2
36 518 -1 2
711 517 -1 2
710 517 -1 2
37 517 -1 2
36 517 -1 2
734 516 -1 2
711 516 -1 2
706 516 -1 1
40 516 -1 1
735 515 -1 1
718 515 -1 1
712 515 -1 2
65 515 -1 2
29 515 -1 1
719 514 -1 2
716 514 -1 1
714 514 -1 1
66 514 -1 2
65 514 -1 2
64 514 -1 2
34 514 -1 2
741 513 -1 2
719 513 -1 2
718 513 -1 2
710 513 -1 2
65 513 -1 2
63 513 -1 2
35 513 -1 2
34 513 -1 2
744 512 -1 1
742 512 -1 2
741 512 -1 2
740 512 -1 2
729 512 -1 1
719 512 -1 2
710 512 -1 2
709 512 -1 2
66 512 -1 1
61 512 -1 1
34 512 -1 2
746 511 -1 2
741 511 -1 2
737 511 -1 1
719 511 -1 2
709 511 -1 2
708 511 -1 2
707 511 -1 1
34 511 -1 2
33 511 -1 2
756 510 -1 1
755 510 -1 1
746 510 -1 2
737 510 -1 2
731 510 -1 1
719 510 -1 2
718 510 -1 2
35 510 -1 2
34 510 -1 2
33 510 -1 2
745 509 -1 1
739 509 -1 2
737 509 -1 2
719 509 -1 2
34 509 -1 2
31 509 -1 1
757 508 -1 1
739 508 -1 2
738 508 -1 2
718 508 -1 2
760 507 -1 1
750 507 -1 1
749 507 -1 1
747 507 -1 1
740 507 -1 2
718 507 -1 2
717 507 -1 2
716 507 -1 2
714 507 -1 1
34 507 -1 1
755 506 -1 1
746 506 -1 1
741 506 -1 2
740 506 -1 2
717 506 -1 2
742 505 -1 1
739 505 -1 1
716 505 -1 1
758 504 -1 1
747 503 -1 1
723 503 -1 1
717 503 -1 1
716 503 -1 1
762 502 -1 1
750 502 -1 2
747 502 -1 1
721 502 -1 1
750 501 -1 2
763 500 -1 2
719 500 -1 1
748 499 -1 1
733 499 -1 1
721 499 -1 1
764 498 -1 1
761 498 -1 1
720 497 -1 1
766 496 -1 1
732 496 -1 2
757 495 -1 1
746 495 -1 1
720 495 -1 1
765 494 -1 1
757 494 -1 1
729 493 -1 1
760 492 -1 1
728 492 -1 1
762 491 -1 1
750 491 -1 1
775 490 -1 1
773 488 -1 2
750 488 -1 2
749 488 -1 2
739 488 -1 1
732 488 -1 1
774 487 -1 2
773 487 -1 2
765 487 -1 1
751 487 -1 2
750 487 -1 2
748 487 -1 1
738 487 -1 1
732 487 -1 1
779 486 -1 1
775 486 -1 1
767 486 -1 1
766 486 -1 2
756 486 -1 1
754 486 -1 1
750 486 -1 2
765 485 -1 1
749 485 -1 1
779 484 -1 2
771 484 -1 1
780 483 -1 2
779 483 -1 2
778 483 -1 2
779 482 -1 2
762 482 -1 1
743 482 -1 1
736 482 -1 2
734 480 -1 1
777 479 -1 1
747 479 -1 1
738 479 -1 1
773 478 -1 1
772 478 -1 1
747 477 -1 1
779 476 -1 2
778 476 -1 2
750 476 -1 1
780 475 -1 2
779 475 -1 2
749 475 -1 1
778 474 -1 1
759 474 -1 1
783 473 -1 2
782 473 -1 2
782 472 -1 2
776 472 -1 1
742 472 -1 2
741 472 -1 2
740 472 -1 1
762 471 -1 1
757 471 -1 1
743 471 -1 2
742 471 -1 2
749 470 -1 1
748 470 -1 1
746 470 -1 1
745 470 -1 2
741 470 -1 1
760 469 -1 1
753 469 -1 1
743 468 -1 1
778 467 -1 2
780 466 -1 2
779 466 -1 2
778 466 -1 2
753 466 -1 1
750 466 -1 1
779 465 -1 2
777 465 -1 1
763 465 -1 1
761 465 -1 2
760 465 -1 2
755 465 -1 1
760 464 -1 2
751 464 -1 1
750 464 -1 1
745 464 -1 1
743 464 -1 1
763 462 -1 1
778 461 -1 2
759 461 -1 1
777 460 -1 2
773 460 -1 1
770 459 -1 1
767 457 -1 1
774 456 -1 2
773 456 -1 1
766 456 -1 1
755 455 -1 1
772 453 -1 1
757 453 -1 1
760 452 -1 1
759 452 -1 1
776 450 -1 2
775 450 -1 2
769 450 -1 1
765 449 -1 1
768 443 -1 1
773 441 -1 1
769 441 -1 1
769 439 -1 1
773 438 -1 2
775 437 -1 1
774 437 -1 2
773 437 -1 2
772 437 -1 2
777 432 -1 1
282 402 -1 1
281 400 -1 1
300 393 -1 1
299 392 -1 1
204 227 -1 1
209 226 -1 1
213 224 -1 1
209 224 -1 2
205 224 -1 2
215 223 -1 1
213 223 -1 2
209 223 -1 2
208 223 -1 2
207 223 -1 2
206 223 -1 2
205 223 -1 2
204 223 -1 2
214 222 -1 2
212 222 -1 2
206 222 -1 2
200 222 -1 1
213 221 -1 2
212 221 -1 2
211 221 -1 2
202 221 -1 2
201 221 -1 2
213 220 -1 2
202 220 -1 2
201 220 -1 2
200 220 -1 2
223 219 -1 1
218 219 -1 2
216 219 -1 2
215 219 -1 2
214 219 -1 2
213 219 -1 2
233 218 -1 1
218 218 -1 2
217 218 -1 2
215 218 -1 2
213 218 -1 2
212 218 -1 2
211 218 -1 2
232 217 -1 2
231 217 -1 2
212 217 -1 2
209 217 -1 1
194 217 -1 1
230 216 -1 2
229 216 -1 2
234 215 -1 2
224 215 -1 2
235 214 -1 2
225 214 -1 2
224 214 -1 2
223 214 -1 2
222 214 -1 2
237 213 -1 1
224 213 -1 2
215 213 -1 1
210 213 -1 1
219 212 -1 1
225 211 -1 2
225 210 -1 2
215 210 -1 1
214 210 -1 1
224 207 -1 2
220 207 -1 2
224 206 -1 2
223 206 -1 2
221 206 -1 2
220 206 -1 2
219 206 -1 2
224 205 -1 2
218 205 -1 1
215 205 -1 1
225 204 -1 2
216 204 -1 1
225 203 -1 2
224 203 -1 2
223 202 -1 1
173 191 -1 1
172 191 -1 1
230 190 -1 1
237 189 -1 1
217 189 -1 1
242 188 -1 1
241 188 -1 2
240 188 -1 2
219 188 -1 2
175 188 -1 1
239 187 -1 2
238 187 -1 2
226 187 -1 1
221 187 -1 1
220 187 -1 2
219 187 -1 2
218 187 -1 2
171 187 -1 1
238 186 -1 2
236 186 -1 2
227 186 -1 2
219 186 -1 2
175 186 -1 2
171 186 -1 2
239 185 -1 2
238 185 -1 2
237 185 -1 2
236 185 -1 2
228 185 -1 2
219 185 -1 2
218 185 -1 2
216 185 -1 1
176 185 -1 2
175 185 -1 2
174 185 -1 2
173 185 -1 2
172 185 -1 2
171 185 -1 2
243 184 -1 1
238 184 -1 2
220 184 -1 2
201 184 -1 1
177 184 -1 1
175 184 -1 2
172 184 -1 2
171 184 -1 2
234 183 -1 2
233 183 -1 2
232 183 -1 2
222 183 -1 2
221 183 -1 2
220 183 -1 2
203 183 -1 2
201 183 -1 2
238 182 -1 2
233 182 -1 2
220 182 -1 2
202 182 -1 2
201 182 -1 2
233 181 -1 2
232 181 -1 2
231 181 -1 1
202 181 -1 2
201 181 -1 2
180 181 -1 1
214 180 -1 1
201 180 -1 2
217 179 -1 2
214 179 -1 2
211 179 -1 1
181 179 -1 2
218 178 -1 2
217 178 -1 2
216 178 -1 2
215 178 -1 2
214 178 -1 2
213 178 -1 2
211 178 -1 2
199 178 -1 2
197 178 -1 2
182 178 -1 2
181 178 -1 2
219 177 -1 1
216 177 -1 2
212 177 -1 2
211 177 -1 2
200 177 -1 2
196 177 -1 2
182 177 -1 2
177 177 -1 2
176 177 -1 2
217 176 -1 1
207 176 -1 2
201 176 -1 2
177 176 -1 2
176 176 -1 2
209 175 -1 2
208 175 -1 2
207 175 -1 2
206 175 -1 2
205 175 -1 1
203 175 -1 1
193 175 -1 2
179 175 -1 2
178 175 -1 2
172 175 -1 1
223 174 -1 2
222 174 -1 2
221 174 -1 1
207 174 -1 2
192 174 -1 2
183 174 -1 2
224 173 -1 2
223 173 -1 2
191 173 -1 1
185 173 -1 1
183 173 -1 2
182 173 -1 2
181 173 -1 2
170 173 -1 1
224 172 -1 2
222 172 -1 1
211 172 -1 1
184 172 -1 2
183 172 -1 2
182 172 -1 2
190 171 -1 1
182 171 -1 2
181 171 -1 2
180 171 -1 1
166 171 -1 2
165 171 -1 2
164 171 -1 1
283 169 -1 1
226 169 -1 1
192 169 -1 1
189 169 -1 2
187 169 -1 2
171 169 -1 1
279 168 -1 1
189 168 -1 2
188 168 -1 2
187 168 -1 2
171 168 -1 2
168 168 -1 2
285 167 -1 2
284 167 -1 2
194 167 -1 1
191 167 -1 2
190 167 -1 2
185 167 -1 1
170 167 -1 2
169 167 -1 2
168 167 -1 2
286 166 -1 2
284 166 -1 2
193 166 -1 2
192 166 -1 2
191 166 -1 2
180 166 -1 2
171 166 -1 2
168 166 -1 2
167 166 -1 2
166 166 -1 1
287 165 -1 2
286 165 -1 2
285 165 -1 2
284 165 -1 2
280 165 -1 2
192 165 -1 2
179 165 -1 2
178 165 -1 2
281 164 -1 2
278 164 -1 1
178 164 -1 2
177 164 -1 2
175 164 -1 2
174 164 -1 2
173 164 -1 2
282 163 -1 2
281 163 -1 2
193 163 -1 2
174 163 -1 2
282 162 -1 2
279 162 -1 1
200 161 -1 1
194 161 -1 2
189 161 -1 1
253 160 -1 1
248 160 -1 1
198 160 -1 2
197 160 -1 2
196 160 -1 2
195 160 -1 2
194 160 -1 2
293 159 -1 1
253 159 -1 2
200 159 -1 1
199 159 -1 2
197 159 -1 2
193 159 -1 2
181 159 -1 2
288 158 -1 1
256 158 -1 1
254 158 -1 2
253 158 -1 2
244 158 -1 1
198 158 -1 2
193 158 -1 2
192 158 -1 2
191 158 -1 2
181 158 -1 2
180 158 -1 2
179 158 -1 1
295 157 -1 2
293 157 -1 2
253 157 -1 2
252 157 -1 2
192 157 -1 2
189 157 -1 1
182 157 -1 1
295 156 -1 2
294 156 -1 2
293 156 -1 2
275 156 -1 2
252 156 -1 2
238 156 -1 1
282 155 -1 2
278 155 -1 2
277 155 -1 2
255 155 -1 1
254 155 -1 2
253 155 -1 2
252 155 -1 2
251 155 -1 2
207 155 -1 1
138 155 -1 1
291 154 -1 2
290 154 -1 2
283 154 -1 2
282 154 -1 2
281 154 -1 2
280 154 -1 2
279 154 -1 2
278 154 -1 2
253 154 -1 2
251 154 -1 2
250 154 -1 2
207 154 -1 1
137 154 -1 2
133 154 -1 1
291 153 -1 2
290 153 -1 2
289 153 -1 2
288 153 -1 2
287 153 -1 2
286 153 -1 2
285 153 -1 2
281 153 -1 2
276 153 -1 1
248 153 -1 2
247 153 -1 2
201 153 -1 2
136 153 -1 2
135 153 -1 2
134 153 -1 2
297 152 -1 1
294 152 -1 2
293 152 -1 2
292 152 -1 2
291 152 -1 2
288 152 -1 2
286 152 -1 2
247 152 -1 2
232 152 -1 1
208 152 -1 1
200 152 -1 1
293 151 -1 2
291 151 -1 2
287 151 -1 2
280 151 -1 2
246 151 -1 2
245 151 -1 2
244 151 -1 2
238 151 -1 2
145 151 -1 1
294 150 -1 2
280 150 -1 2
279 150 -1 2
266 150 -1 1
256 150 -1 2
246 150 -1 2
245 150 -1 2
239 150 -1 2
238 150 -1 2
204 150 -1 2
196 150 -1 1
150 150 -1 2
147 150 -1 2
146 150 -1 2
295 149 -1 2
294 149 -1 2
280 149 -1 2
275 149 -1 1
250 149 -1 1
246 149 -1 2
245 149 -1 2
205 149 -1 2
204 149 -1 2
196 149 -1 2
151 149 -1 2
150 149 -1 2
149 149 -1 2
139 149 -1 1
136 149 -1 1
295 148 -1 2
289 148 -1 2
244 148 -1 1
204 148 -1 2
197 148 -1 2
151 148 -1 2
150 148 -1 2
138 148 -1 2
296 147 -1 1
294 147 -1 1
289 147 -1 2
288 147 -1 2
247 147 -1 1
235 147 -1 2
204 147 -1 2
203 147 -1 2
150 147 -1 2
138 147 -1 2
137 147 -1 2
290 146 -1 1
287 146 -1 1
267 146 -1 2
235 146 -1 2
234 146 -1 2
230 146 -1 2
229 146 -1 2
203 146 -1 2
202 146 -1 2
150 146 -1 2
138 146 -1 2
272 145 -1 2
265 145 -1 2
235 145 -1 2
227 145 -1 1
203 145 -1 2
151 145 -1 2
150 145 -1 2
149 145 -1 2
138 145 -1 2
277 144 -1 1
236 144 -1 2
235 144 -1 2
203 144 -1 1
150 144 -1 2
147 144 -1 1
138 144 -1 2
137 144 -1 2
272 143 -1 2
246 143 -1 1
240 143 -1 2
239 143 -1 2
235 143 -1 2
150 143 -1 2
139 143 -1 2
138 143 -1 2
133 143 -1 1
282 142 -1 2
272 142 -1 2
271 142 -1 2
246 142 -1 2
241 142 -1 1
151 142 -1 2
150 142 -1 2
149 142 -1 2
147 142 -1 1
141 142 -1 1
134 142 -1 2
283 141 -1 2
282 141 -1 2
272 141 -1 2
271 141 -1 2
248 141 -1 1
247 141 -1 2
246 141 -1 2
234 141 -1 2
152 141 -1 2
151 141 -1 2
150 141 -1 2
133 141 -1 1
282 140 -1 2
276 140 -1 2
262 140 -1 1
245 140 -1 1
234 140 -1 2
233 140 -1 2
151 140 -1 2
147 140 -1 1
282 139 -1 2
281 139 -1 2
276 139 -1 2
275 139 -1 2
269 139 -1 2
234 139 -1 2
227 139 -1 1
284 138 -1 1
280 138 -1 2
277 138 -1 2
268 138 -1 2
262 138 -1 2
236 138 -1 2
235 138 -1 2
234 138 -1 2
221 138 -1 1
217 138 -1 1
281 137 -1 2
276 137 -1 2
263 137 -1 2
262 137 -1 2
238 137 -1 1
237 137 -1 2
236 137 -1 2
233 137 -1 1
141 137 -1 1
282 136 -1 2
281 136 -1 2
276 136 -1 2
275 136 -1 2
260 136 -1 2
236 136 -1 2
219 136 -1 2
297 135 -1 1
282 135 -1 2
275 135 -1 2
274 135 -1 2
273 135 -1 1
236 135 -1 1
219 135 -1 2
218 135 -1 2
217 135 -1 2
216 135 -1 1
140 135 -1 1
225 134 -1 2
224 134 -1 2
218 134 -1 2
292 133 -1 2
291 133 -1 2
286 133 -1 1
224 133 -1 2
217 133 -1 1
226 132 -1 1
225 132 -1 2
224 132 -1 2
289 131 -1 2
286 131 -1 2
218 131 -1 1
289 130 -1 2
288 130 -1 2
287 130 -1 2
286 130 -1 2
285 130 -1 2
46 130 -1 2
45 130 -1 2
290 129 -1 2
289 129 -1 2
288 129 -1 2
284 129 -1 1
222 129 -1 2
219 129 -1 2
211 129 -1 1
47 129 -1 2
46 129 -1 2
47 128 -1 2
43 128 -1 1
232 127 -1 2
231 127 -1 2
237 126 -1 2
234 126 -1 2
232 126 -1 2
231 126 -1 2
212 126 -1 2
50 126 -1 2
49 126 -1 2
238 125 -1 2
237 125 -1 2
236 125 -1 2
235 125 -1 2
234 125 -1 2
233 125 -1 2
232 125 -1 2
231 125 -1 2
213 125 -1 2
212 125 -1 2
211 125 -1 2
160 125 -1 1
51 125 -1 2
50 125 -1 2
49 125 -1 2
238 124 -1 2
233 124 -1 2
227 124 -1 2
226 124 -1 2
213 124 -1 2
197 124 -1 2
196 124 -1 2
50 124 -1 2
47 124 -1 1
238 123 -1 1
234 123 -1 1
226 123 -1 2
197 123 -1 2
196 123 -1 2
226 122 -1 2
203 122 -1 1
201 122 -1 1
195 122 -1 1
163 122 -1 2
159 122 -1 1
50 122 -1 1
227 121 -1 2
203 121 -1 2
198 121 -1 2
165 121 -1 1
164 121 -1 2
163 121 -1 2
228 120 -1 2
227 120 -1 2
204 120 -1 2
203 120 -1 2
202 120 -1 2
199 120 -1 2
198 120 -1 2
195 120 -1 1
192 120 -1 1
163 120 -1 2
51 120 -1 1
229 119 -1 2
228 119 -1 2
222 119 -1 2
206 119 -1 1
202 119 -1 2
201 119 -1 2
200 119 -1 2
199 119 -1 2
195 119 -1 2
193 119 -1 2
49 119 -1 1
229 118 -1 2
228 118 -1 2
222 118 -1 2
221 118 -1 2
201 118 -1 2
195 118 -1 2
194 118 -1 2
162 118 -1 2
161 118 -1 2
222 117 -1 2
218 117 -1 2
217 117 -1 2
196 117 -1 2
162 117 -1 2
223 116 -1 1
217 116 -1 2
196 116 -1 2
195 116 -1 2
194 116 -1 1
165 116 -1 1
162 116 -1 2
161 116 -1 2
157 116 -1 1
211 115 -1 1
203 115 -1 1
196 115 -1 2
164 115 -1 2
163 115 -1 2
202 114 -1 2
165 114 -1 2
164 114 -1 2
214 113 -1 2
165 113 -1 2
162 113 -1 2
202 112 -1 2
197 112 -1 2
162 112 -1 2
161 112 -1 2
83 112 -1 1
203 111 -1 2
202 111 -1 2
198 111 -1 2
162 111 -1 2
161 111 -1 2
160 111 -1 2
159 111 -1 1
82 111 -1 2
81 111 -1 2
79 111 -1 2
213 110 -1 2
181 110 -1 1
80 110 -1 2
79 110 -1 2
214 109 -1 2
213 109 -1 2
212 109 -1 2
207 109 -1 2
206 109 -1 2
178 109 -1 1
94 109 -1 2
92 109 -1 1
80 109 -1 2
212 108 -1 2
211 108 -1 2
210 108 -1 2
209 108 -1 2
208 108 -1 2
207 108 -1 2
184 108 -1 1
180 108 -1 2
178 108 -1 2
94 108 -1 2
93 108 -1 2
87 108 -1 2
86 108 -1 2
79 108 -1 1
237 107 -1 2
236 107 -1 2
234 107 -1 1
216 107 -1 2
212 107 -1 2
210 107 -1 2
179 107 -1 2
178 107 -1 2
87 107 -1 2
86 107 -1 2
241 106 -1 2
237 106 -1 2
236 106 -1 2
213 106 -1 1
209 106 -1 1
205 106 -1 1
198 106 -1 1
195 106 -1 1
84 106 -1 1
237 105 -1 2
231 105 -1 1
223 105 -1 2
132 105 -1 2
90 105 -1 2
89 105 -1 2
247 104 -1 1
234 104 -1 2
226 104 -1 1
223 104 -1 2
201 104 -1 2
197 104 -1 2
196 104 -1 2
188 104 -1 2
144 104 -1 1
135 104 -1 2
134 104 -1 2
104 104 -1 1
89 104 -1 2
234 103 -1 2
233 103 -1 2
201 103 -1 2
200 103 -1 2
198 103 -1 2
197 103 -1 2
196 103 -1 2
192 103 -1 1
189 103 -1 2
188 103 -1 2
149 103 -1 2
147 103 -1 2
146 103 -1 2
92 103 -1 1
88 103 -1 2
288 102 -1 2
287 102 -1 2
240 102 -1 2
237 102 -1 2
235 102 -1 2
234 102 -1 2
197 102 -1 2
196 102 -1 2
195 102 -1 2
189 102 -1 2
150 102 -1 2
149 102 -1 2
148 102 -1 2
147 102 -1 2
105 102 -1 2
87 102 -1 1
288 101 -1 2
249 101 -1 1
245 101 -1 2
241 101 -1 2
240 101 -1 2
239 101 -1 2
238 101 -1 2
237 101 -1 2
235 101 -1 2
220 101 -1 2
196 101 -1 2
190 101 -1 2
189 101 -1 2
150 101 -1 2
147 101 -1 2
106 101 -1 1
104 101 -1 1
292 100 -1 1
288 100 -1 2
286 100 -1 1
248 100 -1 2
247 100 -1 2
246 100 -1 2
238 100 -1 2
236 100 -1 2
235 100 -1 2
196 100 -1 2
189 100 -1 2
148 100 -1 1
137 100 -1 2
297 99 -1 1
292 99 -1 2
289 99 -1 2
287 99 -1 2
275 99 -1 2
274 99 -1 2
247 99 -1 2
228 99 -1 2
197 99 -1 2
196 99 -1 2
195 99 -1 2
139 99 -1 2
138 99 -1 2
137 99 -1 2
296 98 -1 2
293 98 -1 2
292 98 -1 2
291 98 -1 2
288 98 -1 2
285 98 -1 1
275 98 -1 2
274 98 -1 2
249 98 -1 2
248 98 -1 2
199 98 -1 2
198 98 -1 2
190 98 -1 2
140 98 -1 2
136 98 -1 2
135 98 -1 2
298 97 -1 2
297 97 -1 2
296 97 -1 2
295 97 -1 2
294 97 -1 2
293 97 -1 2
272 97 -1 2
271 97 -1 2
253 97 -1 2
252 97 -1 2
248 97 -1 2
232 97 -1 2
201 97 -1 1
200 97 -1 2
199 97 -1 2
191 97 -1 2
190 97 -1 2
187 97 -1 1
142 97 -1 2
134 97 -1 1
98 97 -1 1
300 96 -1 1
299 96 -1 2
297 96 -1 2
296 96 -1 2
292 96 -1 1
287 96 -1 2
271 96 -1 2
261 96 -1 2
255 96 -1 2
254 96 -1 2
199 96 -1 2
189 96 -1 2
188 96 -1 2
162 96 -1 1
145 96 -1 1
144 96 -1 2
143 96 -1 2
103 96 -1 1
98 96 -1 2
296 95 -1 2
287 95 -1 2
286 95 -1 2
262 95 -1 2
260 95 -1 2
242 95 -1 1
241 95 -1 2
240 95 -1 2
189 95 -1 2
143 95 -1 2
100 95 -1 2
99 95 -1 2
98 95 -1 2
51 95 -1 2
50 95 -1 2
287 94 -1 2
270 94 -1 2
263 94 -1 1
259 94 -1 2
258 94 -1 2
257 94 -1 2
240 94 -1 2
162 94 -1 2
143 94 -1 2
99 94 -1 2
98 94 -1 2
51 94 -1 2
50 94 -1 2
287 93 -1 2
270 93 -1 2
258 93 -1 2
247 93 -1 2
231 93 -1 2
185 93 -1 1
166 93 -1 1
163 93 -1 2
162 93 -1 2
157 93 -1 1
142 93 -1 2
141 93 -1 1
99 93 -1 2
44 93 -1 1
286 92 -1 2
247 92 -1 2
232 92 -1 2
231 92 -1 2
230 92 -1 2
203 92 -1 1
201 92 -1 2
188 92 -1 2
187 92 -1 2
176 92 -1 1
174 92 -1 1
168 92 -1 1
90 92 -1 2
49 92 -1 2
22 92 -1 1
279 91 -1 1
232 91 -1 2
229 91 -1 2
228 91 -1 2
227 91 -1 2
226 91 -1 1
202 91 -1 2
199 91 -1 1
188 91 -1 2
172 91 -1 1
91 91 -1 2
90 91 -1 2
50 91 -1 2
49 91 -1 2
21 91 -1 2
19 91 -1 1
284 90 -1 2
275 90 -1 1
270 90 -1 2
265 90 -1 1
228 90 -1 2
203 90 -1 2
175 90 -1 2
172 90 -1 2
170 90 -1 2
160 90 -1 2
159 90 -1 2
98 90 -1 2
50 90 -1 2
49 90 -1 2
21 90 -1 2
19 90 -1 2
284 89 -1 2
283 89 -1 2
270 89 -1 2
269 89 -1 2
227 89 -1 1
214 89 -1 2
204 89 -1 2
203 89 -1 2
202 89 -1 2
175 89 -1 2
174 89 -1 2
173 89 -1 2
172 89 -1 2
171 89 -1 2
169 89 -1 1
160 89 -1 2
99 89 -1 2
98 89 -1 2
97 89 -1 2
44 89 -1 2
20 89 -1 2
19 89 -1 2
274 88 -1 2
271 88 -1 2
270 88 -1 2
202 88 -1 2
201 88 -1 2
200 88 -1 1
187 88 -1 2
175 88 -1 2
98 88 -1 2
62 88 -1 1
60 88 -1 1
45 88 -1 2
44 88 -1 2
31 88 -1 1
28 88 -1 1
20 88 -1 2
19 88 -1 2
281 87 -1 2
275 87 -1 2
274 87 -1 2
273 87 -1 2
270 87 -1 2
269 87 -1 2
242 87 -1 2
235 87 -1 2
224 87 -1 1
209 87 -1 1
188 87 -1 2
187 87 -1 2
151 87 -1 1
61 87 -1 2
46 87 -1 2
31 87 -1 2
21 87 -1 1
270 86 -1 2
266 86 -1 1
251 86 -1 1
236 86 -1 2
235 86 -1 2
234 86 -1 2
223 86 -1 2
61 86 -1 2
38 86 -1 1
34 86 -1 2
33 86 -1 2
32 86 -1 2
31 86 -1 2
30 86 -1 2
29 86 -1 2
284 85 -1 1
280 85 -1 2
279 85 -1 2
250 85 -1 2
232 85 -1 1
208 85 -1 2
66 85 -1 2
65 85 -1 2
63 85 -1 2
62 85 -1 2
61 85 -1 2
55 85 -1 1
37 85 -1 2
36 85 -1 2
29 85 -1 2
280 84 -1 2
252 84 -1 2
251 84 -1 2
250 84 -1 2
241 84 -1 2
239 84 -1 2
238 84 -1 2
226 84 -1 1
196 84 -1 1
88 84 -1 2
87 84 -1 2
66 84 -1 2
62 84 -1 2
58 84 -1 2
57 84 -1 2
55 84 -1 2
46 84 -1 2
37 84 -1 2
28 84 -1 2
281 83 -1 2
252 83 -1 2
249 83 -1 2
248 83 -1 2
241 83 -1 2
240 83 -1 2
239 83 -1 2
238 83 -1 2
209 83 -1 2
205 83 -1 1
146 83 -1 1
97 83 -1 2
93 83 -1 1
87 83 -1 2
57 83 -1 2
56 83 -1 2
55 83 -1 2
47 83 -1 2
45 83 -1 2
29 83 -1 2
28 83 -1 2
27 83 -1 2
21 83 -1 2
281 82 -1 2
268 82 -1 2
250 82 -1 2
249 82 -1 2
242 82 -1 2
217 82 -1 2
215 82 -1 2
210 82 -1 2
206 82 -1 2
97 82 -1 2
96 82 -1 2
62 82 -1 1
58 82 -1 1
48 82 -1 2
45 82 -1 2
38 82 -1 2
31 82 -1 1
27 82 -1 2
288 81 -1 1
285 81 -1 2
284 81 -1 2
283 81 -1 2
282 81 -1 2
281 81 -1 2
268 81 -1 2
267 81 -1 2
252 81 -1 1
243 81 -1 2
242 81 -1 2
223 81 -1 1
217 81 -1 2
216 81 -1 2
215 81 -1 2
211 81 -1 2
210 81 -1 2
204 81 -1 1
142 81 -1 1
104 81 -1 2
103 81 -1 2
96 81 -1 2
39 81 -1 2
38 81 -1 2
26 81 -1 2
24 81 -1 2
13 81 -1 1
284 80 -1 2
280 80 -1 2
268 80 -1 2
264 80 -1 1
243 80 -1 2
232 80 -1 1
222 80 -1 2
221 80 -1 2
215 80 -1 2
214 80 -1 2
213 80 -1 2
178 80 -1 2
142 80 -1 2
103 80 -1 2
94 80 -1 1
86 80 -1 2
50 80 -1 2
38 80 -1 2
26 80 -1 2
25 80 -1 2
23 80 -1 2
22 80 -1 2
20 80 -1 1
281 79 -1 2
280 79 -1 2
261 79 -1 1
223 79 -1 2
222 79 -1 2
214 79 -1 2
179 79 -1 2
178 79 -1 2
143 79 -1 2
142 79 -1 2
105 79 -1 1
102 79 -1 2
86 79 -1 2
85 79 -1 2
83 79 -1 1
71 79 -1 1
51 79 -1 2
50 79 -1 2
49 79 -1 2
47 79 -1 1
38 79 -1 2
36 79 -1 1
24 79 -1 2
23 79 -1 2
12 79 -1 2
281 78 -1 2
269 78 -1 2
243 78 -1 2
224 78 -1 1
205 78 -1 1
179 78 -1 2
158 78 -1 2
148 78 -1 2
144 78 -1 2
143 78 -1 2
115 78 -1 2
112 78 -1 1
103 78 -1 2
102 78 -1 2
88 78 -1 1
86 78 -1 2
74 78 -1 2
73 78 -1 2
51 78 -1 2
39 78 -1 2
38 78 -1 2
37 78 -1 2
24 78 -1 2
22 78 -1 2
21 78 -1 1
14 78 -1 1
13 78 -1 2
12 78 -1 2
282 77 -1 1
269 77 -1 2
268 77 -1 2
267 77 -1 1
244 77 -1 2
243 77 -1 2
158 77 -1 2
157 77 -1 2
149 77 -1 2
147 77 -1 2
145 77 -1 2
144 77 -1 2
143 77 -1 2
115 77 -1 2
114 77 -1 2
102 77 -1 2
101 77 -1 2
100 77 -1 2
87 77 -1 2
86 77 -1 2
85 77 -1 2
84 77 -1 1
74 77 -1 2
73 77 -1 2
72 77 -1 2
41 77 -1 2
40 77 -1 2
38 77 -1 2
23 77 -1 2
12 77 -1 2
11 77 -1 2
6 77 -1 1
287 76 -1 1
278 76 -1 2
213 76 -1 2
158 76 -1 2
157 76 -1 2
150 76 -1 2
149 76 -1 2
148 76 -1 2
141 76 -1 1
113 76 -1 2
101 76 -1 2
87 76 -1 2
76 76 -1 1
73 76 -1 2
48 76 -1 1
40 76 -1 2
12 76 -1 2
7 76 -1 2
279 75 -1 1
277 75 -1 2
276 75 -1 2
256 75 -1 1
252 75 -1 1
213 75 -1 2
212 75 -1 2
202 75 -1 1
158 75 -1 2
148 75 -1 2
147 75 -1 2
87 75 -1 2
75 75 -1 2
74 75 -1 2
73 75 -1 2
52 75 -1 2
22 75 -1 2
6 75 -1 1
260 74 -1 2
213 74 -1 2
199 74 -1 1
158 74 -1 2
157 74 -1 2
156 74 -1 2
155 74 -1 2
154 74 -1 2
112 74 -1 2
88 74 -1 2
87 74 -1 2
76 74 -1 2
66 74 -1 1
22 74 -1 2
21 74 -1 2
20 74 -1 1
261 73 -1 2
260 73 -1 2
257 73 -1 2
251 73 -1 2
240 73 -1 2
239 73 -1 2
235 73 -1 2
229 73 -1 1
202 73 -1 2
199 73 -1 2
197 73 -1 1
159 73 -1 2
158 73 -1 2
156 73 -1 2
155 73 -1 2
153 73 -1 2
152 73 -1 2
143 73 -1 1
116 73 -1 1
114 73 -1 2
113 73 -1 2
112 73 -1 2
111 73 -1 2
88 73 -1 2
85 73 -1 1
77 73 -1 2
34 73 -1 2
33 73 -1 2
23 73 -1 2
18 73 -1 1
6 73 -1 1
259 72 -1 2
258 72 -1 2
257 72 -1 2
256 72 -1 2
251 72 -1 2
250 72 -1 2
240 72 -1 2
203 72 -1 2
202 72 -1 2
201 72 -1 2
200 72 -1 2
199 72 -1 2
198 72 -1 2
157 72 -1 2
156 72 -1 2
154 72 -1 2
153 72 -1 2
150 72 -1 2
113 72 -1 2
101 72 -1 2
58 72 -1 1
34 72 -1 2
23 72 -1 2
16 72 -1 2
15 72 -1 2
258 71 -1 2
253 71 -1 2
252 71 -1 2
176 71 -1 2
155 71 -1 2
152 71 -1 2
151 71 -1 2
114 71 -1 2
113 71 -1 2
102 71 -1 2
101 71 -1 2
69 71 -1 2
33 71 -1 2
28 71 -1 1
15 71 -1 2
14 71 -1 2
13 71 -1 1
252 70 -1 2
228 70 -1 2
224 70 -1 2
222 70 -1 2
214 70 -1 2
176 70 -1 2
175 70 -1 2
162 70 -1 2
153 70 -1 2
144 70 -1 1
114 70 -1 2
101 70 -1 2
69 70 -1 2
68 70 -1 2
57 70 -1 2
33 70 -1 2
32 70 -1 2
28 70 -1 2
2 70 -1 1
313 69 -1 1
274 69 -1 1
239 69 -1 2
229 69 -1 2
228 69 -1 2
227 69 -1 2
226 69 -1 2
225 69 -1 2
224 69 -1 2
223 69 -1 2
222 69 -1 2
221 69 -1 2
214 69 -1 2
213 69 -1 2
165 69 -1 2
164 69 -1 2
163 69 -1 2
162 69 -1 2
101 69 -1 2
100 69 -1 2
91 69 -1 2
69 69 -1 2
66 69 -1 1
61 69 -1 1
58 69 -1 2
47 69 -1 2
46 69 -1 2
29 69 -1 2
28 69 -1 2
24 69 -1 2
5 69 -1 2
319 68 -1 1
274 68 -1 2
240 68 -1 2
239 68 -1 2
225 68 -1 2
164 68 -1 2
145 68 -1 1
101 68 -1 2
92 68 -1 2
91 68 -1 2
90 68 -1 2
80 68 -1 2
72 68 -1 1
59 68 -1 2
58 68 -1 2
46 68 -1 2
25 68 -1 2
24 68 -1 2
5 68 -1 2
4 68 -1 2
277 67 -1 1
275 67 -1 2
274 67 -1 2
268 67 -1 2
239 67 -1 2
225 67 -1 1
218 67 -1 2
217 67 -1 2
215 67 -1 2
209 67 -1 1
81 67 -1 2
80 67 -1 2
58 67 -1 2
24 67 -1 2
22 67 -1 1
314 66 -1 2
273 66 -1 2
272 66 -1 2
269 66 -1 2
268 66 -1 2
251 66 -1 2
249 66 -1 1
242 66 -1 1
220 66 -1 1
219 66 -1 2
218 66 -1 2
216 66 -1 2
215 66 -1 2
204 66 -1 1
146 66 -1 1
96 66 -1 2
80 66 -1 2
70 66 -1 2
46 66 -1 2
25 66 -1 2
24 66 -1 2
23 66 -1 2
15 66 -1 2
317 65 -1 2
315 65 -1 2
314 65 -1 2
273 65 -1 2
268 65 -1 2
218 65 -1 2
217 65 -1 2
215 65 -1 2
182 65 -1 2
181 65 -1 2
70 65 -1 2
46 65 -1 2
45 65 -1 2
27 65 -1 1
23 65 -1 2
15 65 -1 2
14 65 -1 2
318 64 -1 2
274 64 -1 1
267 64 -1 2
261 64 -1 2
236 64 -1 2
232 64 -1 2
220 64 -1 1
204 64 -1 2
183 64 -1 2
182 64 -1 2
163 64 -1 2
36 64 -1 2
22 64 -1 2
21 64 -1 2
13 64 -1 2
12 64 -1 2
11 64 -1 2
1 64 -1 1
322 63 -1 1
319 63 -1 2
318 63 -1 2
267 63 -1 2
266 63 -1 2
265 63 -1 2
264 63 -1 2
263 63 -1 2
236 63 -1 2
235 63 -1 2
227 63 -1 1
202 63 -1 2
201 63 -1 2
182 63 -1 2
162 63 -1 2
58 63 -1 2
22 63 -1 2
11 63 -1 2
10 63 -1 2
318 62 -1 2
267 62 -1 2
264 62 -1 2
252 62 -1 2
249 62 -1 1
230 62 -1 2
227 62 -1 2
207 62 -1 2
206 62 -1 2
201 62 -1 2
200 62 -1 2
199 62 -1 2
198 62 -1 2
162 62 -1 2
161 62 -1 2
160 62 -1 2
148 62 -1 1
121 62 -1 1
105 62 -1 1
77 62 -1 2
76 62 -1 2
58 62 -1 2
57 62 -1 2
42 62 -1 2
33 62 -1 1
318 61 -1 2
317 61 -1 2
313 61 -1 1
268 61 -1 2
252 61 -1 2
251 61 -1 2
229 61 -1 2
228 61 -1 2
227 61 -1 2
213 61 -1 2
212 61 -1 2
208 61 -1 2
207 61 -1 2
206 61 -1 2
199 61 -1 2
189 61 -1 2
188 61 -1 2
187 61 -1 2
161 61 -1 2
123 61 -1 1
121 61 -1 2
117 61 -1 1
94 61 -1 2
86 61 -1 1
77 61 -1 2
58 61 -1 2
42 61 -1 2
41 61 -1 2
15 61 -1 1
334 60 -1 1
332 60 -1 1
329 60 -1 1
268 60 -1 2
254 60 -1 2
252 60 -1 2
238 60 -1 2
227 60 -1 2
222 60 -1 1
213 60 -1 2
200 60 -1 1
187 60 -1 2
161 60 -1 2
122 60 -1 2
121 60 -1 2
94 60 -1 2
93 60 -1 2
59 60 -1 2
42 60 -1 2
30 60 -1 2
29 60 -1 2
13 60 -1 1
336 59 -1 1
334 59 -1 2
332 59 -1 2
253 59 -1 2
252 59 -1 2
238 59 -1 2
203 59 -1 1
161 59 -1 2
160 59 -1 2
124 59 -1 1
121 59 -1 2
60 59 -1 2
59 59 -1 2
45 59 -1 1
29 59 -1 2
335 58 -1 2
334 58 -1 2
333 58 -1 2
332 58 -1 2
331 58 -1 2
253 58 -1 2
251 58 -1 2
250 58 -1 2
249 58 -1 2
248 58 -1 2
247 58 -1 2
161 58 -1 2
150 58 -1 1
122 58 -1 2
121 58 -1 2
91 58 -1 2
52 58 -1 1
44 58 -1 2
7 58 -1 2
335 57 -1 2
250 57 -1 2
247 57 -1 2
196 57 -1 1
121 57 -1 2
120 57 -1 2
63 57 -1 2
62 57 -1 2
45 57 -1 2
44 57 -1 2
27 57 -1 2
26 57 -1 2
339 56 -1 1
335 56 -1 2
320 56 -1 2
292 56 -1 2
291 56 -1 2
258 56 -1 2
257 56 -1 2
249 56 -1 1
232 56 -1 1
215 56 -1 2
160 56 -1 2
120 56 -1 2
89 56 -1 2
62 56 -1 2
53 56 -1 1
45 56 -1 2
37 56 -1 1
26 56 -1 2
2 56 -1 2
1 56 -1 2
337 55 -1 2
336 55 -1 2
335 55 -1 2
329 55 -1 1
321 55 -1 2
320 55 -1 2
301 55 -1 2
293 55 -1 2
292 55 -1 2
259 55 -1 1
257 55 -1 2
230 55 -1 1
220 55 -1 2
216 55 -1 2
215 55 -1 2
160 55 -1 2
159 55 -1 2
151 55 -1 1
110 55 -1 1
97 55 -1 1
88 55 -1 2
38 55 -1 2
1 55 -1 2
337 54 -1 2
302 54 -1 2
301 54 -1 2
300 54 -1 2
299 54 -1 2
298 54 -1 2
257 54 -1 1
253 54 -1 1
234 54 -1 2
233 54 -1 2
221 54 -1 2
220 54 -1 2
219 54 -1 2
218 54 -1 2
215 54 -1 2
214 54 -1 2
203 54 -1 1
160 54 -1 2
126 54 -1 1
88 54 -1 2
87 54 -1 2
18 54 -1 1
339 53 -1 1
323 53 -1 2
302 53 -1 2
298 53 -1 2
297 53 -1 2
287 53 -1 1
285 53 -1 1
234 53 -1 2
221 53 -1 2
219 53 -1 2
215 53 -1 2
203 53 -1 2
189 53 -1 2
170 53 -1 1
160 53 -1 2
107 53 -1 1
88 53 -1 2
86 53 -1 2
85 53 -1 2
18 53 -1 2
324 52 -1 2
323 52 -1 2
315 52 -1 2
314 52 -1 2
312 52 -1 1
298 52 -1 2
285 52 -1 2
283 52 -1 1
233 52 -1 2
231 52 -1 2
210 52 -1 2
209 52 -1 2
204 52 -1 2
180 52 -1 2
160 52 -1 2
159 52 -1 2
153 52 -1 1
127 52 -1 1
105 52 -1 1
86 52 -1 2
80 52 -1 2
49 52 -1 2
40 52 -1 1
37 52 -1 2
19 52 -1 2
18 52 -1 2
338 51 -1 1
332 51 -1 2
329 51 -1 2
323 51 -1 2
313 51 -1 2
288 51 -1 2
285 51 -1 2
284 51 -1 2
233 51 -1 2
232 51 -1 2
231 51 -1 2
230 51 -1 2
224 51 -1 2
223 51 -1 2
209 51 -1 2
208 51 -1 2
207 51 -1 2
206 51 -1 2
205 51 -1 2
180 51 -1 2
179 51 -1 2
119 51 -1 2
103 51 -1 1
92 51 -1 1
47 51 -1 1
38 51 -1 2
37 51 -1 2
20 51 -1 2
19 51 -1 2
332 50 -1 2
331 50 -1 2
330 50 -1 2
329 50 -1 2
328 50 -1 2
285 50 -1 2
234 50 -1 2
233 50 -1 2
223 50 -1 2
207 50 -1 2
205 50 -1 2
193 50 -1 1
187 50 -1 1
180 50 -1 2
176 50 -1 1
161 50 -1 2
154 50 -1 1
128 50 -1 1
120 50 -1 2
119 50 -1 2
101 50 -1 1
90 50 -1 1
78 50 -1 2
37 50 -1 2
332 49 -1 2
287 49 -1 2
236 49 -1 1
233 49 -1 2
217 49 -1 1
207 49 -1 1
192 49 -1 2
181 49 -1 2
180 49 -1 2
179 49 -1 2
161 49 -1 2
160 49 -1 2
122 49 -1 2
121 49 -1 2
118 49 -1 2
88 49 -1 1
78 49 -1 2
77 49 -1 2
335 48 -1 2
287 48 -1 2
286 48 -1 2
278 48 -1 1
195 48 -1 1
194 48 -1 2
193 48 -1 2
180 48 -1 2
177 48 -1 1
165 48 -1 1
162 48 -1 2
161 48 -1 2
123 48 -1 2
120 48 -1 2
119 48 -1 2
118 48 -1 2
78 48 -1 2
50 48 -1 1
26 48 -1 2
340 47 -1 1
336 47 -1 2
335 47 -1 2
334 47 -1 2
333 47 -1 2
321 47 -1 2
310 47 -1 2
309 47 -1 2
287 47 -1 2
193 47 -1 2
192 47 -1 2
180 47 -1 1
164 47 -1 2
161 47 -1 2
156 47 -1 1
129 47 -1 1
121 47 -1 2
120 47 -1 2
118 47 -1 2
96 47 -1 1
70 47 -1 2
69 47 -1 2
26 47 -1 2
25 47 -1 2
333 46 -1 2
321 46 -1 2
320 46 -1 2
309 46 -1 2
232 46 -1 2
212 46 -1 1
194 46 -1 2
193 46 -1 2
190 46 -1 1
161 46 -1 2
160 46 -1 2
119 46 -1 2
118 46 -1 2
96 46 -1 2
69 46 -1 2
68 46 -1 2
67 46 -1 2
66 46 -1 2
26 46 -1 2
321 45 -1 2
309 45 -1 2
279 45 -1 2
277 45 -1 1
232 45 -1 2
168 45 -1 1
161 45 -1 2
157 45 -1 1
97 45 -1 2
96 45 -1 2
66 45 -1 2
65 45 -1 2
309 44 -1 2
308 44 -1 2
280 44 -1 2
279 44 -1 2
278 44 -1 2
227 44 -1 2
226 44 -1 2
161 44 -1 2
117 44 -1 2
106 44 -1 2
97 44 -1 2
66 44 -1 2
349 43 -1 1
345 43 -1 2
344 43 -1 2
309 43 -1 2
301 43 -1 1
280 43 -1 2
227 43 -1 2
161 43 -1 2
160 43 -1 2
118 43 -1 2
116 43 -1 2
105 43 -1 2
81 43 -1 1
345 42 -1 2
344 42 -1 2
339 42 -1 1
337 42 -1 2
336 42 -1 2
329 42 -1 2
328 42 -1 2
161 42 -1 2
158 42 -1 1
132 42 -1 1
117 42 -1 2
116 42 -1 2
107 42 -1 2
73 42 -1 2
62 42 -1 2
61 42 -1 2
346 41 -1 2
345 41 -1 2
336 41 -1 2
329 41 -1 2
323 41 -1 2
116 41 -1 2
108 41 -1 2
106 41 -1 2
90 41 -1 1
75 41 -1 2
74 41 -1 2
73 41 -1 2
62 41 -1 2
10 41 -1 2
344 40 -1 1
330 40 -1 1
326 40 -1 2
325 40 -1 2
324 40 -1 2
323 40 -1 2
322 40 -1 2
317 40 -1 2
269 40 -1 1
161 40 -1 1
133 40 -1 1
115 40 -1 2
108 40 -1 2
107 40 -1 2
77 40 -1 1
74 40 -1 2
10 40 -1 2
9 40 -1 2
325 39 -1 2
318 39 -1 2
317 39 -1 2
127 39 -1 2
115 39 -1 2
114 39 -1 2
109 39 -1 2
107 39 -1 2
10 39 -1 2
336 38 -1 1
325 38 -1 2
161 38 -1 1
128 38 -1 2
126 38 -1 2
125 38 -1 2
114 38 -1 2
112 38 -1 2
109 38 -1 2
108 38 -1 2
102 38 -1 2
75 38 -1 1
56 38 -1 2
327 37 -1 1
326 37 -1 2
325 37 -1 2
127 37 -1 2
126 37 -1 2
125 37 -1 2
124 37 -1 2
115 37 -1 2
114 37 -1 2
113 37 -1 2
112 37 -1 2
111 37 -1 2
110 37 -1 2
109 37 -1 2
103 37 -1 2
102 37 -1 2
101 37 -1 2
92 37 -1 2
55 37 -1 2
30 37 -1 2
337 36 -1 1
325 36 -1 2
287 36 -1 2
165 36 -1 2
164 36 -1 2
135 36 -1 1
124 36 -1 2
123 36 -1 2
110 36 -1 2
109 36 -1 2
108 36 -1 2
107 36 -1 2
104 36 -1 2
103 36 -1 2
93 36 -1 2
92 36 -1 2
84 36 -1 1
55 36 -1 2
54 36 -1 2
325 35 -1 2
309 35 -1 2
287 35 -1 2
286 35 -1 2
162 35 -1 1
108 35 -1 2
71 35 -1 1
335 34 -1 2
333 34 -1 1
323 34 -1 1
310 34 -1 2
309 34 -1 2
287 34 -1 2
286 34 -1 2
270 34 -1 2
264 34 -1 1
170 34 -1 2
166 34 -1 2
136 34 -1 1
119 34 -1 2
118 34 -1 2
57 34 -1 2
288 33 -1 2
287 33 -1 2
271 33 -1 2
270 33 -1 2
269 33 -1 2
169 33 -1 2
167 33 -1 2
166 33 -1 2
119 33 -1 2
88 33 -1 2
87 33 -1 2
81 33 -1 1
67 33 -1 1
58 33 -1 2
57 33 -1 2
336 32 -1 2
328 32 -1 1
326 32 -1 2
287 32 -1 2
170 32 -1 2
169 32 -1 2
168 32 -1 2
164 32 -1 1
137 32 -1 1
129 32 -1 2
87 32 -1 2
79 32 -1 1
60 32 -1 2
59 32 -1 2
58 32 -1 2
47 32 -1 2
46 32 -1 2
335 31 -1 2
327 31 -1 2
326 31 -1 2
273 31 -1 2
169 31 -1 2
130 31 -1 2
127 31 -1 2
59 31 -1 2
46 31 -1 2
45 31 -1 2
30 31 -1 2
326 30 -1 2
325 30 -1 2
324 30 -1 2
275 30 -1 2
274 30 -1 2
273 30 -1 2
272 30 -1 2
265 30 -1 1
138 30 -1 1
128 30 -1 2
126 30 -1 2
125 30 -1 2
76 30 -1 1
64 30 -1 1
40 30 -1 2
39 30 -1 2
38 30 -1 2
31 30 -1 2
30 30 -1 2
325 29 -1 2
279 29 -1 2
278 29 -1 2
277 29 -1 2
276 29 -1 2
275 29 -1 2
274 29 -1 2
266 29 -1 2
172 29 -1 1
166 29 -1 1
132 29 -1 2
127 29 -1 2
126 29 -1 2
124 29 -1 2
84 29 -1 2
83 29 -1 2
39 29 -1 2
287 28 -1 2
278 28 -1 2
277 28 -1 2
264 28 -1 1
171 28 -1 2
133 28 -1 2
130 28 -1 2
129 28 -1 2
125 28 -1 2
124 28 -1 2
123 28 -1 2
83 28 -1 2
28 28 -1 2
27 28 -1 2
338 27 -1 2
337 27 -1 2
331 27 -1 2
330 27 -1 2
329 27 -1 2
318 27 -1 2
287 27 -1 2
286 27 -1 2
172 27 -1 2
139 27 -1 1
131 27 -1 2
130 27 -1 2
128 27 -1 2
127 27 -1 2
124 27 -1 2
61 27 -1 1
28 27 -1 2
340 26 -1 1
338 26 -1 2
333 26 -1 2
331 26 -1 2
328 26 -1 1
322 26 -1 2
321 26 -1 2
319 26 -1 2
318 26 -1 2
317 26 -1 2
257 26 -1 2
256 26 -1 2
174 26 -1 1
173 26 -1 2
172 26 -1 2
129 26 -1 2
128 26 -1 2
127 26 -1 2
126 26 -1 2
125 26 -1 2
124 26 -1 2
82 26 -1 2
25 26 -1 2
24 26 -1 2
339 25 -1 2
338 25 -1 2
333 25 -1 2
332 25 -1 2
331 25 -1 2
322 25 -1 2
292 25 -1 2
289 25 -1 2
266 25 -1 1
258 25 -1 2
257 25 -1 2
126 25 -1 2
125 25 -1 2
24 25 -1 2
339 24 -1 2
332 24 -1 2
292 24 -1 2
291 24 -1 2
290 24 -1 2
289 24 -1 2
257 24 -1 2
125 24 -1 2
81 24 -1 2
338 23 -1 2
293 23 -1 2
292 23 -1 2
289 23 -1 2
267 23 -1 1
251 23 -1 1
127 23 -1 2
126 23 -1 2
81 23 -1 2
80 23 -1 2
68 23 -1 1
339 22 -1 2
338 22 -1 2
333 22 -1 1
322 22 -1 1
308 22 -1 2
307 22 -1 2
300 22 -1 2
126 22 -1 2
81 22 -1 2
80 22 -1 2
22 22 -1 2
338 21 -1 2
337 21 -1 2
321 21 -1 2
309 21 -1 2
308 21 -1 2
307 21 -1 2
306 21 -1 2
305 21 -1 2
304 21 -1 2
261 21 -1 1
81 21 -1 2
340 20 -1 1
338 20 -1 2
323 20 -1 1
304 20 -1 2
303 20 -1 2
263 20 -1 1
142 20 -1 1
64 20 -1 1
53 20 -1 1
339 19 -1 2
338 19 -1 2
247 19 -1 1
126 19 -1 2
341 18 -1 2
340 18 -1 2
339 18 -1 2
338 18 -1 2
248 18 -1 2
143 18 -1 1
139 18 -1 2
127 18 -1 2
126 18 -1 2
341 17 -1 2
253 17 -1 2
249 17 -1 2
248 17 -1 2
242 17 -1 1
139 17 -1 2
138 17 -1 2
126 17 -1 2
60 17 -1 1
256 16 -1 2
254 16 -1 2
253 16 -1 2
252 16 -1 2
141 16 -1 2
48 16 -1 1
258 15 -1 2
256 15 -1 2
255 15 -1 2
146 15 -1 1
125 15 -1 2
96 15 -1 2
81 15 -1 2
330 14 -1 1
277 14 -1 2
276 14 -1 2
275 14 -1 2
260 14 -1 2
259 14 -1 2
258 14 -1 2
257 14 -1 2
256 14 -1 2
255 14 -1 2
145 14 -1 2
144 14 -1 2
83 14 -1 2
82 14 -1 2
81 14 -1 2
80 14 -1 2
56 14 -1 1
14 14 -1 2
13 14 -1 2
335 13 -1 2
334 13 -1 2
333 13 -1 2
323 13 -1 1
276 13 -1 2
258 13 -1 2
147 13 -1 1
145 13 -1 2
82 13 -1 2
74 13 -1 2
14 13 -1 2
12 13 -1 2
335 12 -1 2
334 12 -1 2
333 12 -1 2
332 12 -1 2
330 12 -1 1
243 12 -1 2
146 12 -1 2
75 12 -1 2
74 12 -1 2
73 12 -1 2
13 12 -1 2
335 11 -1 2
243 11 -1 2
242 11 -1 2
240 11 -1 1
70 11 -1 2
69 11 -1 2
52 11 -1 1
472 10 -1 2
471 10 -1 2
371 10 -1 1
341 10 -1 1
335 10 -1 2
325 10 -1 1
318 10 -1 2
247 10 -1 2
246 10 -1 2
245 10 -1 2
244 10 -1 2
235 10 -1 2
234 10 -1 2
69 10 -1 2
68 10 -1 2
67 10 -1 2
470 9 -1 2
469 9 -1 2
466 9 -1 2
465 9 -1 2
464 9 -1 2
457 9 -1 2
368 9 -1 1
318 9 -1 2
317 9 -1 2
246 9 -1 2
244 9 -1 2
243 9 -1 2
237 9 -1 2
235 9 -1 2
234 9 -1 2
148 9 -1 2
112 9 -1 2
111 9 -1 2
67 9 -1 2
66 9 -1 2
58 9 -1 2
40 9 -1 1
527 8 -1 1
518 8 -1 2
517 8 -1 2
514 8 -1 2
513 8 -1 2
511 8 -1 1
468 8 -1 2
467 8 -1 2
466 8 -1 2
456 8 -1 1
338 8 -1 2
337 8 -1 2
330 8 -1 1
322 8 -1 2
321 8 -1 2
320 8 -1 2
244 8 -1 2
238 8 -1 2
237 8 -1 2
236 8 -1 2
151 8 -1 1
146 8 -1 1
113 8 -1 2
112 8 -1 2
63 8 -1 2
62 8 -1 2
61 8 -1 2
59 8 -1 2
58 8 -1 2
57 8 -1 2
53 8 -1 2
48 8 -1 1
527 7 -1 2
518 7 -1 2
517 7 -1 2
514 7 -1 2
513 7 -1 2
511 7 -1 2
509 7 -1 1
468 7 -1 2
462 7 -1 2
461 7 -1 2
337 7 -1 2
321 7 -1 2
243 7 -1 1
236 7 -1 2
150 7 -1 2
141 7 -1 1
62 7 -1 2
54 7 -1 2
53 7 -1 2
746 6 -1 1
528 6 -1 2
527 6 -1 2
523 6 -1 1
518 6 -1 2
513 6 -1 2
512 6 -1 2
510 6 -1 2
371 6 -1 2
369 6 -1 2
362 6 -1 1
338 6 -1 2
337 6 -1 2
45 6 -1 1
787 5 -1 1
746 5 -1 2
742 5 -1 1
527 5 -1 2
523 5 -1 2
518 5 -1 2
517 5 -1 2
514 5 -1 2
513 5 -1 2
512 5 -1 2
511 5 -1 2
500 5 -1 1
402 5 -1 1
372 5 -1 2
371 5 -1 2
370 5 -1 2
369 5 -1 2
368 5 -1 2
258 5 -1 2
235 5 -1 2
139 5 -1 2
49 5 -1 2
1 5 -1 1
789 4 -1 2
787 4 -1 2
746 4 -1 2
745 4 -1 2
742 4 -1 2
737 4 -1 2
635 4 -1 2
593 4 -1 2
584 4 -1 2
565 4 -1 2
562 4 -1 2
527 4 -1 2
526 4 -1 2
524 4 -1 2
523 4 -1 2
522 4 -1 2
511 4 -1 2
510 4 -1 2
505 4 -1 2
500 4 -1 2
495 4 -1 2
491 4 -1 2
487 4 -1 2
484 4 -1 2
477 4 -1 2
469 4 -1 2
462 4 -1 2
443 4 -1 2
436 4 -1 2
406 4 -1 2
402 4 -1 2
395 4 -1 2
391 4 -1 2
387 4 -1 2
381 4 -1 2
363 4 -1 2
328 4 -1 2
327 4 -1 2
259 4 -1 2
258 4 -1 2
257 4 -1 2
236 4 -1 2
235 4 -1 2
150 4 -1 2
139 4 -1 2
138 4 -1 2
50 4 -1 2
49 4 -1 2
46 4 -1 2
790 3 -1 2
789 3 -1 2
788 3 -1 2
787 3 -1 2
786 3 -1 2
743 3 -1 2
742 3 -1 2
741 3 -1 2
738 3 -1 2
737 3 -1 2
736 3 -1 2
700 3 -1 2
699 3 -1 2
697 3 -1 2
680 3 -1 2
679 3 -1 2
636 3 -1 2
635 3 -1 2
634 3 -1 2
633 3 -1 2
618 3 -1 2
617 3 -1 2
613 3 -1 2
612 3 -1 2
603 3 -1 2
602 3 -1 2
598 3 -1 2
597 3 -1 2
594 3 -1 2
593 3 -1 2
592 3 -1 2
585 3 -1 2
584 3 -1 2
583 3 -1 2
581 3 -1 2
580 3 -1 2
566 3 -1 2
565 3 -1 2
564 3 -1 2
563 3 -1 2
562 3 -1 2
561 3 -1 2
506 3 -1 2
505 3 -1 2
504 3 -1 2
501 3 -1 2
500 3 -1 2
499 3 -1 2
496 3 -1 2
495 3 -1 2
494 3 -1 2
492 3 -1 2
491 3 -1 2
490 3 -1 2
488 3 -1 2
487 3 -1 2
486 3 -1 2
485 3 -1 2
484 3 -1 2
483 3 -1 2
478 3 -1 2
477 3 -1 2
469 3 -1 2
468 3 -1 2
463 3 -1 2
462 3 -1 2
461 3 -1 2
444 3 -1 2
443 3 -1 2
442 3 -1 2
437 3 -1 2
436 3 -1 2
435 3 -1 2
407 3 -1 2
406 3 -1 2
405 3 -1 2
403 3 -1 2
402 3 -1 2
401 3 -1 2
396 3 -1 2
395 3 -1 2
394 3 -1 2
392 3 -1 2
391 3 -1 2
390 3 -1 2
388 3 -1 2
387 3 -1 2
386 3 -1 2
382 3 -1 2
381 3 -1 2
380 3 -1 2
329 3 -1 2
328 3 -1 2
261 3 -1 1
260 3 -1 2
258 3 -1 2
246 3 -1 2
235 3 -1 2
151 3 -1 2
150 3 -1 2
90 3 -1 1
50 3 -1 2
47 3 -1 2
46 3 -1 2
790 2 -1 2
699 2 -1 2
698 2 -1 2
697 2 -1 2
696 2 -1 2
679 2 -1 2
678 2 -1 2
617 2 -1 2
616 2 -1 2
612 2 -1 2
611 2 -1 2
602 2 -1 2
601 2 -1 2
597 2 -1 2
596 2 -1 2
580 2 -1 2
579 2 -1 2
268 2 -1 1
259 2 -1 2
255 2 -1 1
246 2 -1 2
245 2 -1 2
244 2 -1 1
236 2 -1 2
235 2 -1 2
156 2 -1 2
155 2 -1 2
149 2 -1 1
89 2 -1 2
59 2 -1 1
4 2 -1 1
260 1 -1 1
247 1 -1 1
236 1 -1 2
157 1 -1 1
142 1 -1 1
106 1 -1 1
90 1 -1 1
52 1 -1 1
