3016 800 768
593 766 -1 1
338 766 -1 1
333 766 -1 1
327 766 -1 1
250 766 -1 1
797 765 -1 1
346 765 -1 1
2 765 -1 1
335 764 -1 1
322 764 -1 1
344 763 -1 2
343 763 -1 2
324 763 -1 2
323 763 -1 2
344 762 -1 2
323 762 -1 2
604 761 -1 2
343 761 -1 1
323 761 -1 2
605 760 -1 2
604 760 -1 2
324 760 -1 2
323 760 -1 2
322 760 -1 2
603 759 -1 1
335 759 -1 1
328 759 -1 2
329 758 -1 2
328 758 -1 2
327 758 -1 2
340 757 -1 1
333 757 -1 2
327 757 -1 2
227 757 -1 2
333 756 -1 2
332 756 -1 2
318 756 -1 2
314 756 -1 1
296 756 -1 1
616 755 -1 2
319 755 -1 2
318 755 -1 2
295 755 -1 1
291 755 -1 1
338 754 -1 2
337 754 -1 1
325 754 -1 1
318 754 -1 2
317 754 -1 2
315 754 -1 2
291 754 -1 1
343 753 -1 1
310 753 -1 1
230 753 -1 1
623 752 -1 2
312 752 -1 2
311 752 -1 2
214 752 -1 2
213 752 -1 2
328 751 -1 1
213 751 -1 2
212 751 -1 2
338 750 -1 1
339 749 -1 2
633 748 -1 2
632 748 -1 2
608 748 -1 1
338 748 -1 1
634 747 -1 2
633 747 -1 2
632 747 -1 2
329 747 -1 1
325 747 -1 1
322 747 -1 1
316 747 -1 2
201 747 -1 2
200 747 -1 2
317 746 -1 2
316 746 -1 2
200 746 -1 2
199 746 -1 2
341 745 -1 1
308 745 -1 1
267 745 -1 1
337 744 -1 1
312 744 -1 1
282 744 -1 1
266 744 -1 1
614 743 -1 1
336 743 -1 2
320 743 -1 1
310 743 -1 2
309 743 -1 2
284 743 -1 1
219 743 -1 1
647 742 -1 2
646 742 -1 2
336 742 -1 2
335 742 -1 2
334 742 -1 2
319 742 -1 1
188 742 -1 2
187 742 -1 2
648 741 -1 2
647 741 -1 2
260 741 -1 1
187 741 -1 2
186 741 -1 2
319 740 -1 1
621 739 -1 1
332 739 -1 2
321 739 -1 1
332 738 -1 2
331 738 -1 2
330 738 -1 1
318 738 -1 1
257 738 -1 1
642 737 -1 2
641 737 -1 2
337 737 -1 2
332 737 -1 2
319 737 -1 1
175 737 -1 2
174 737 -1 2
641 736 -1 2
640 736 -1 2
333 736 -1 2
326 736 -1 1
265 736 -1 1
253 736 -1 1
174 736 -1 2
173 736 -1 2
640 735 -1 2
639 735 -1 2
263 735 -1 1
663 734 -1 2
662 734 -1 2
639 734 -1 2
638 734 -1 2
637 734 -1 2
279 734 -1 1
277 734 -1 1
253 734 -1 1
209 734 -1 1
662 733 -1 2
661 733 -1 2
638 733 -1 2
636 733 -1 2
327 733 -1 1
323 733 -1 2
321 733 -1 1
668 732 -1 2
667 732 -1 2
637 732 -1 2
635 732 -1 2
326 732 -1 1
324 732 -1 1
309 732 -1 1
667 731 -1 2
636 731 -1 2
339 731 -1 2
286 731 -1 1
160 731 -1 2
339 730 -1 2
338 730 -1 2
310 730 -1 2
630 729 -1 1
337 729 -1 2
336 729 -1 2
314 729 -1 1
310 729 -1 2
289 729 -1 1
336 728 -1 2
311 728 -1 2
310 728 -1 2
309 728 -1 2
341 727 -1 1
329 727 -1 1
310 727 -1 2
306 727 -1 1
310 726 -1 2
147 726 -1 2
630 725 -1 1
317 725 -1 1
310 725 -1 2
309 725 -1 2
308 725 -1 1
284 725 -1 1
199 725 -1 1
332 724 -1 2
330 724 -1 2
310 724 -1 2
283 724 -1 1
332 723 -1 2
331 723 -1 2
330 723 -1 2
321 723 -1 1
320 723 -1 2
691 722 -1 2
690 722 -1 2
331 722 -1 2
135 722 -1 2
134 722 -1 2
690 721 -1 2
331 721 -1 1
309 721 -1 2
134 721 -1 2
133 721 -1 2
695 720 -1 2
694 720 -1 2
309 720 -1 2
308 720 -1 2
283 720 -1 1
696 719 -1 2
695 719 -1 2
637 719 -1 1
338 719 -1 1
283 719 -1 1
699 718 -1 2
698 718 -1 2
306 718 -1 1
698 717 -1 2
324 716 -1 1
314 716 -1 2
189 716 -1 1
120 716 -1 2
332 714 -1 1
322 714 -1 1
652 713 -1 2
652 712 -1 2
651 712 -1 2
650 712 -1 2
320 712 -1 1
651 711 -1 2
319 711 -1 1
107 711 -1 2
690 709 -1 2
646 709 -1 1
316 709 -1 1
690 708 -1 2
689 708 -1 2
328 708 -1 1
689 707 -1 2
688 707 -1 2
328 707 -1 1
302 707 -1 1
179 707 -1 1
688 706 -1 2
687 706 -1 2
649 706 -1 1
302 706 -1 1
94 706 -1 2
687 705 -1 2
686 705 -1 2
261 705 -1 1
731 704 -1 2
686 704 -1 2
685 704 -1 2
337 704 -1 1
329 704 -1 1
275 704 -1 1
259 704 -1 1
735 703 -1 2
734 703 -1 2
686 703 -1 2
305 703 -1 1
735 702 -1 2
323 702 -1 1
305 702 -1 1
331 701 -1 2
326 701 -1 1
273 701 -1 1
81 701 -1 2
80 701 -1 2
336 700 -1 1
332 700 -1 2
331 700 -1 2
265 700 -1 1
81 700 -1 2
657 699 -1 1
307 699 -1 1
273 699 -1 1
258 699 -1 1
272 698 -1 1
265 698 -1 2
169 698 -1 1
330 697 -1 2
266 697 -1 1
71 697 -1 2
70 697 -1 2
736 696 -1 2
331 696 -1 2
330 696 -1 2
327 696 -1 1
308 696 -1 2
260 696 -1 2
70 696 -1 2
737 695 -1 2
735 695 -1 2
657 695 -1 1
330 695 -1 2
325 695 -1 1
315 695 -1 1
308 695 -1 2
307 695 -1 2
304 695 -1 1
259 695 -1 1
737 694 -1 2
736 694 -1 2
735 694 -1 2
734 694 -1 2
733 694 -1 2
316 694 -1 1
308 694 -1 2
69 694 -1 2
734 693 -1 2
732 693 -1 2
69 693 -1 2
68 693 -1 2
733 692 -1 2
731 692 -1 2
330 692 -1 2
268 692 -1 1
68 692 -1 2
732 691 -1 2
330 691 -1 2
311 691 -1 1
298 691 -1 1
329 690 -1 2
328 690 -1 2
327 690 -1 1
324 690 -1 1
312 690 -1 1
664 689 -1 1
329 689 -1 2
315 689 -1 1
159 689 -1 1
320 688 -1 2
319 688 -1 2
317 688 -1 2
304 688 -1 2
300 688 -1 2
299 688 -1 2
319 687 -1 2
304 687 -1 2
303 687 -1 2
299 687 -1 2
298 687 -1 2
297 687 -1 1
304 686 -1 2
269 686 -1 1
672 685 -1 1
322 685 -1 1
314 685 -1 2
305 685 -1 2
304 685 -1 2
314 684 -1 2
331 683 -1 1
307 683 -1 2
742 682 -1 2
315 682 -1 1
307 682 -1 2
742 681 -1 2
741 681 -1 2
322 681 -1 1
296 681 -1 1
267 681 -1 1
63 681 -1 2
320 680 -1 1
298 680 -1 2
297 680 -1 2
149 680 -1 1
63 680 -1 2
62 680 -1 2
317 679 -1 2
316 679 -1 2
299 679 -1 2
298 679 -1 2
267 679 -1 1
62 679 -1 2
316 678 -1 2
315 678 -1 2
314 678 -1 1
309 678 -1 1
308 678 -1 2
299 678 -1 2
298 678 -1 2
299 677 -1 2
332 676 -1 1
302 676 -1 2
301 676 -1 2
300 676 -1 2
258 676 -1 1
239 676 -1 1
233 676 -1 1
197 676 -1 1
306 675 -1 2
305 675 -1 2
304 675 -1 2
303 675 -1 2
302 675 -1 2
300 675 -1 2
257 675 -1 1
238 675 -1 2
237 675 -1 2
196 675 -1 1
305 674 -1 2
299 674 -1 1
254 674 -1 1
253 674 -1 1
237 674 -1 2
236 674 -1 2
224 674 -1 2
330 673 -1 1
323 673 -1 1
305 672 -1 1
321 671 -1 2
299 671 -1 1
291 671 -1 1
223 671 -1 2
222 671 -1 1
139 671 -1 1
320 670 -1 2
291 670 -1 2
224 670 -1 1
191 670 -1 1
747 669 -1 2
684 669 -1 1
320 669 -1 2
319 669 -1 2
292 669 -1 2
191 669 -1 1
747 668 -1 2
746 668 -1 2
320 668 -1 2
294 668 -1 2
293 668 -1 2
293 667 -1 2
57 667 -1 2
320 666 -1 2
292 666 -1 2
290 666 -1 1
57 666 -1 2
56 666 -1 2
328 665 -1 1
322 665 -1 1
321 665 -1 2
320 665 -1 2
319 665 -1 2
293 665 -1 1
56 665 -1 2
685 664 -1 1
327 664 -1 2
324 664 -1 1
319 664 -1 2
258 662 -1 1
247 662 -1 1
224 662 -1 1
129 662 -1 1
295 661 -1 1
288 661 -1 1
248 661 -1 2
224 661 -1 1
309 660 -1 2
257 660 -1 2
248 660 -1 2
691 659 -1 1
289 659 -1 2
256 659 -1 2
247 659 -1 1
299 658 -1 1
259 658 -1 1
253 658 -1 1
310 657 -1 2
298 657 -1 2
327 656 -1 1
298 656 -1 2
297 656 -1 2
259 656 -1 1
184 656 -1 1
752 655 -1 2
303 655 -1 1
288 655 -1 2
183 655 -1 1
320 654 -1 1
289 654 -1 2
288 654 -1 2
311 653 -1 1
296 653 -1 1
288 653 -1 2
260 653 -1 1
230 653 -1 1
119 653 -1 1
50 653 -1 2
295 652 -1 2
259 652 -1 2
231 652 -1 1
51 652 -1 2
50 652 -1 2
326 651 -1 1
314 651 -1 1
297 651 -1 1
287 651 -1 2
259 651 -1 2
317 650 -1 2
288 650 -1 2
287 650 -1 2
260 650 -1 1
700 649 -1 1
318 649 -1 1
304 649 -1 1
299 649 -1 1
287 649 -1 2
255 649 -1 1
251 649 -1 1
226 648 -1 1
301 647 -1 2
225 647 -1 1
324 646 -1 1
302 646 -1 2
301 646 -1 2
300 646 -1 2
299 646 -1 1
221 646 -1 1
220 646 -1 1
322 645 -1 1
304 645 -1 2
303 645 -1 2
313 644 -1 1
303 644 -1 2
109 644 -1 1
309 643 -1 2
289 643 -1 1
757 642 -1 2
326 642 -1 1
322 642 -1 1
310 642 -1 2
309 642 -1 2
293 642 -1 2
288 642 -1 2
287 642 -1 2
757 641 -1 2
756 641 -1 2
325 641 -1 2
309 641 -1 2
299 641 -1 1
295 641 -1 1
287 641 -1 2
308 640 -1 2
45 640 -1 2
709 639 -1 1
324 639 -1 1
309 639 -1 1
45 639 -1 2
44 639 -1 2
44 638 -1 2
305 637 -1 1
285 637 -1 1
325 636 -1 1
319 635 -1 1
298 635 -1 1
99 635 -1 1
318 634 -1 1
290 634 -1 1
245 634 -1 1
293 633 -1 2
292 633 -1 2
287 633 -1 1
315 632 -1 1
293 632 -1 2
286 632 -1 2
285 632 -1 2
318 631 -1 2
317 631 -1 2
310 631 -1 1
295 631 -1 1
294 631 -1 2
293 631 -1 2
285 631 -1 2
293 630 -1 2
284 630 -1 2
283 630 -1 1
240 630 -1 2
762 629 -1 2
718 629 -1 1
321 629 -1 2
320 629 -1 2
309 629 -1 2
303 629 -1 1
245 629 -1 1
243 629 -1 1
762 628 -1 2
761 628 -1 2
321 628 -1 2
320 628 -1 2
319 628 -1 2
309 628 -1 2
308 628 -1 2
295 628 -1 1
291 628 -1 1
287 628 -1 1
322 627 -1 2
321 627 -1 2
320 627 -1 2
322 626 -1 2
89 626 -1 1
38 626 -1 2
314 625 -1 2
39 625 -1 2
38 625 -1 2
290 624 -1 1
38 624 -1 2
298 623 -1 1
281 623 -1 1
305 622 -1 1
293 622 -1 1
296 621 -1 2
292 621 -1 2
246 621 -1 1
245 621 -1 1
304 620 -1 2
296 620 -1 2
727 619 -1 1
304 619 -1 2
293 619 -1 2
294 618 -1 2
293 618 -1 2
292 618 -1 2
291 618 -1 2
289 618 -1 1
287 618 -1 1
292 617 -1 2
79 617 -1 1
767 615 -1 2
341 615 -1 1
300 615 -1 2
299 615 -1 2
341 614 -1 1
309 614 -1 1
305 614 -1 1
308 613 -1 2
287 613 -1 1
284 613 -1 1
283 613 -1 1
341 612 -1 1
308 612 -1 2
307 612 -1 2
281 612 -1 1
32 612 -1 2
308 611 -1 2
295 611 -1 1
33 611 -1 2
32 611 -1 2
309 610 -1 1
261 610 -1 1
736 609 -1 1
306 609 -1 1
259 609 -1 1
310 608 -1 1
69 608 -1 1
307 607 -1 1
276 607 -1 2
311 606 -1 2
307 606 -1 2
301 606 -1 1
275 606 -1 1
313 605 -1 1
312 605 -1 2
307 605 -1 2
308 604 -1 1
278 604 -1 1
298 603 -1 1
284 603 -1 1
280 603 -1 1
294 602 -1 1
293 602 -1 1
265 602 -1 1
773 601 -1 2
311 601 -1 1
297 601 -1 1
286 601 -1 1
283 601 -1 2
282 601 -1 2
264 601 -1 1
773 600 -1 2
772 600 -1 2
311 600 -1 2
298 600 -1 1
287 600 -1 1
745 599 -1 1
312 599 -1 2
311 599 -1 2
310 599 -1 2
188 599 -1 1
186 599 -1 1
59 599 -1 1
339 598 -1 1
288 598 -1 1
26 598 -1 2
308 597 -1 1
289 597 -1 1
219 597 -1 1
27 597 -1 2
26 597 -1 2
317 596 -1 1
311 596 -1 1
282 596 -1 1
307 595 -1 1
290 595 -1 1
283 595 -1 1
218 595 -1 1
302 594 -1 2
301 594 -1 2
300 594 -1 1
304 593 -1 2
303 593 -1 2
303 592 -1 2
291 592 -1 1
279 592 -1 1
313 591 -1 1
306 591 -1 1
288 591 -1 1
280 591 -1 1
308 590 -1 1
300 590 -1 1
297 590 -1 1
49 590 -1 1
307 589 -1 2
298 589 -1 1
285 589 -1 1
262 589 -1 1
261 589 -1 1
242 589 -1 1
236 589 -1 1
778 588 -1 2
755 588 -1 1
307 588 -1 1
291 588 -1 1
283 588 -1 1
240 588 -1 1
235 588 -1 1
778 587 -1 2
777 587 -1 2
195 587 -1 1
194 586 -1 1
308 585 -1 1
20 584 -1 2
309 583 -1 1
290 583 -1 1
243 583 -1 1
239 583 -1 1
218 583 -1 1
291 582 -1 1
272 581 -1 1
243 581 -1 1
235 581 -1 1
218 581 -1 1
211 581 -1 1
39 581 -1 1
276 580 -1 2
247 579 -1 1
245 579 -1 1
213 579 -1 1
184 579 -1 1
183 579 -1 1
764 578 -1 1
189 578 -1 1
186 578 -1 1
295 577 -1 1
281 577 -1 1
272 577 -1 1
314 576 -1 1
273 576 -1 1
80 576 -1 1
783 575 -1 2
79 575 -1 2
783 574 -1 2
782 574 -1 2
311 574 -1 1
303 574 -1 1
273 574 -1 1
79 574 -1 2
784 573 -1 2
783 573 -1 2
781 573 -1 2
313 573 -1 1
281 573 -1 1
782 572 -1 2
308 572 -1 1
287 572 -1 1
272 572 -1 2
79 572 -1 1
29 572 -1 1
271 571 -1 2
270 571 -1 2
239 571 -1 1
232 571 -1 1
84 571 -1 1
83 571 -1 1
285 570 -1 2
284 570 -1 2
271 570 -1 2
267 570 -1 1
194 570 -1 1
14 570 -1 2
313 569 -1 1
300 569 -1 1
286 569 -1 1
247 569 -1 1
236 569 -1 2
234 569 -1 2
147 569 -1 1
773 568 -1 1
293 568 -1 1
270 568 -1 1
246 568 -1 1
235 568 -1 2
313 567 -1 1
236 567 -1 1
233 567 -1 1
195 567 -1 1
148 567 -1 1
143 567 -1 1
241 566 -1 1
141 566 -1 1
298 565 -1 1
296 565 -1 1
279 565 -1 2
269 565 -1 2
240 565 -1 1
278 564 -1 2
277 564 -1 1
266 564 -1 1
778 563 -1 1
19 563 -1 1
789 562 -1 2
789 561 -1 2
788 561 -1 2
789 560 -1 2
304 560 -1 2
303 560 -1 2
280 560 -1 1
243 560 -1 1
236 559 -1 1
784 558 -1 1
277 558 -1 1
241 558 -1 1
270 557 -1 1
235 557 -1 1
306 556 -1 1
305 556 -1 1
302 556 -1 1
269 556 -1 1
244 556 -1 1
7 556 -1 2
298 555 -1 1
240 555 -1 1
239 555 -1 1
8 555 -1 2
7 555 -1 2
9 554 -1 1
306 553 -1 1
303 553 -1 1
307 552 -1 1
243 552 -1 1
233 552 -1 1
231 551 -1 1
301 550 -1 1
298 550 -1 1
283 550 -1 1
190 550 -1 1
794 549 -1 2
299 549 -1 1
290 549 -1 1
288 549 -1 1
189 549 -1 1
794 548 -1 2
793 548 -1 2
288 548 -1 2
794 547 -1 2
289 547 -1 2
288 547 -1 2
287 547 -1 2
293 546 -1 1
291 546 -1 2
290 546 -1 2
277 546 -1 1
305 545 -1 1
290 545 -1 2
309 544 -1 1
306 544 -1 1
290 544 -1 2
289 544 -1 2
230 544 -1 1
287 543 -1 1
193 543 -1 1
309 542 -1 1
265 542 -1 1
235 542 -1 1
232 542 -1 1
195 542 -1 2
194 542 -1 2
294 541 -1 2
293 541 -1 2
275 541 -1 2
272 541 -1 2
271 541 -1 2
234 541 -1 1
1 541 -1 1
298 540 -1 1
294 540 -1 2
293 540 -1 2
275 540 -1 2
274 540 -1 2
270 540 -1 1
266 540 -1 2
295 539 -1 2
292 539 -1 1
290 539 -1 1
289 539 -1 1
276 539 -1 2
266 539 -1 2
237 539 -1 1
304 538 -1 1
303 538 -1 1
277 538 -1 2
276 538 -1 2
798 537 -1 1
300 537 -1 1
284 537 -1 1
280 537 -1 2
279 537 -1 2
278 537 -1 2
270 537 -1 1
268 537 -1 2
267 537 -1 2
305 536 -1 1
279 536 -1 2
277 536 -1 1
273 536 -1 1
198 536 -1 1
196 536 -1 1
305 535 -1 1
229 534 -1 1
232 533 -1 2
231 533 -1 2
230 533 -1 2
285 532 -1 2
284 532 -1 2
264 532 -1 1
231 532 -1 2
296 531 -1 1
286 531 -1 1
266 531 -1 2
265 531 -1 2
127 531 -1 1
282 530 -1 2
281 530 -1 2
275 530 -1 1
282 529 -1 2
281 529 -1 2
276 529 -1 1
232 529 -1 1
230 529 -1 1
123 529 -1 2
122 529 -1 2
299 528 -1 1
296 528 -1 1
121 528 -1 1
118 528 -1 1
115 528 -1 1
306 527 -1 1
300 527 -1 1
283 526 -1 1
269 526 -1 1
292 525 -1 1
277 525 -1 2
264 525 -1 1
269 524 -1 2
270 523 -1 2
269 523 -1 2
268 523 -1 2
301 522 -1 1
294 522 -1 1
271 522 -1 2
268 522 -1 2
267 522 -1 2
279 521 -1 2
267 521 -1 2
279 520 -1 2
278 520 -1 2
266 520 -1 2
290 519 -1 1
279 519 -1 2
266 519 -1 2
265 519 -1 2
274 518 -1 2
263 518 -1 1
287 517 -1 1
275 517 -1 2
274 517 -1 2
273 517 -1 2
281 516 -1 2
275 516 -1 2
270 516 -1 1
294 515 -1 1
282 515 -1 2
281 515 -1 2
267 515 -1 2
266 515 -1 2
264 515 -1 1
172 515 -1 1
303 514 -1 1
294 514 -1 1
280 514 -1 2
276 514 -1 2
267 514 -1 2
171 514 -1 1
280 513 -1 2
279 513 -1 2
277 513 -1 2
276 513 -1 2
267 513 -1 2
302 512 -1 1
268 512 -1 1
264 512 -1 1
284 511 -1 1
165 511 -1 1
285 510 -1 1
273 510 -1 1
165 510 -1 2
132 509 -1 1
286 508 -1 1
270 508 -1 1
138 508 -1 1
136 508 -1 1
286 507 -1 2
268 507 -1 2
267 507 -1 2
135 507 -1 1
130 507 -1 1
286 506 -1 2
267 506 -1 2
139 506 -1 1
285 505 -1 2
267 505 -1 2
175 505 -1 2
285 504 -1 2
280 504 -1 1
267 504 -1 2
266 504 -1 2
264 504 -1 1
187 504 -1 2
183 504 -1 1
180 504 -1 1
179 504 -1 1
174 504 -1 1
267 503 -1 2
186 503 -1 2
186 502 -1 2
185 502 -1 2
280 501 -1 1
186 501 -1 2
179 501 -1 1
293 500 -1 1
288 500 -1 1
273 500 -1 1
260 500 -1 1
187 500 -1 1
184 500 -1 1
292 499 -1 2
290 499 -1 1
280 499 -1 1
275 499 -1 1
263 499 -1 1
180 499 -1 1
292 498 -1 2
291 498 -1 2
292 497 -1 2
291 497 -1 2
274 497 -1 1
263 497 -1 1
186 497 -1 1
133 497 -1 1
132 497 -1 1
114 497 -1 1
280 496 -1 1
279 496 -1 1
262 496 -1 1
185 496 -1 1
109 496 -1 1
178 495 -1 1
177 495 -1 1
291 494 -1 1
272 494 -1 1
266 494 -1 1
274 493 -1 1
265 493 -1 1
113 493 -1 1
283 492 -1 2
274 492 -1 1
270 491 -1 1
269 491 -1 1
283 490 -1 2
259 490 -1 1
110 490 -1 1
284 489 -1 2
283 489 -1 2
269 489 -1 1
262 489 -1 1
261 489 -1 1
257 489 -1 1
291 488 -1 1
284 488 -1 2
267 488 -1 1
170 485 -1 2
169 484 -1 1
283 483 -1 1
282 483 -1 2
175 483 -1 1
270 482 -1 1
186 482 -1 1
184 482 -1 1
173 482 -1 1
275 481 -1 1
155 481 -1 1
153 481 -1 1
284 480 -1 1
272 480 -1 2
263 480 -1 1
284 479 -1 1
273 479 -1 2
272 479 -1 2
165 479 -1 1
279 478 -1 1
164 478 -1 1
279 477 -1 1
260 477 -1 1
230 477 -1 1
269 476 -1 1
263 476 -1 1
260 476 -1 1
229 476 -1 1
177 476 -1 1
176 476 -1 1
282 475 -1 1
281 474 -1 2
279 474 -1 1
290 473 -1 1
282 473 -1 1
256 473 -1 1
291 472 -1 1
269 471 -1 1
268 471 -1 1
111 471 -1 1
99 471 -1 1
98 471 -1 1
262 470 -1 2
258 470 -1 1
112 470 -1 1
265 469 -1 1
263 469 -1 2
262 469 -1 2
100 467 -1 1
228 466 -1 2
101 466 -1 1
274 465 -1 1
228 465 -1 2
227 465 -1 2
226 465 -1 1
158 465 -1 1
275 464 -1 1
238 464 -1 1
162 464 -1 1
160 464 -1 1
157 464 -1 1
238 462 -1 1
162 461 -1 1
160 461 -1 1
113 461 -1 1
262 460 -1 1
114 460 -1 1
258 459 -1 1
259 458 -1 2
283 457 -1 1
258 457 -1 1
280 456 -1 1
273 456 -1 1
281 455 -1 2
277 455 -1 1
281 454 -1 1
277 454 -1 1
274 454 -1 1
263 454 -1 1
260 454 -1 1
238 451 -1 1
235 451 -1 1
275 450 -1 1
237 450 -1 2
236 450 -1 2
206 450 -1 1
615 449 -1 1
287 449 -1 2
255 449 -1 1
614 448 -1 2
286 448 -1 1
268 448 -1 2
267 448 -1 2
209 448 -1 1
615 447 -1 2
614 447 -1 2
598 447 -1 2
276 447 -1 1
270 447 -1 1
269 447 -1 2
268 447 -1 2
259 447 -1 1
236 447 -1 1
614 446 -1 2
607 446 -1 1
602 446 -1 2
601 446 -1 2
599 446 -1 2
598 446 -1 2
597 446 -1 2
596 446 -1 1
267 446 -1 1
254 446 -1 1
240 446 -1 1
613 445 -1 2
612 445 -1 1
275 445 -1 2
274 445 -1 2
254 445 -1 1
239 445 -1 1
235 445 -1 1
275 444 -1 2
274 444 -1 2
284 442 -1 1
283 441 -1 1
266 441 -1 1
212 441 -1 1
173 441 -1 1
172 441 -1 1
267 440 -1 1
269 439 -1 1
205 439 -1 1
276 438 -1 1
273 438 -1 1
270 438 -1 2
278 437 -1 2
277 437 -1 2
266 437 -1 1
265 437 -1 1
646 436 -1 1
269 436 -1 1
108 435 -1 2
104 435 -1 1
681 434 -1 1
272 434 -1 1
209 434 -1 1
110 434 -1 1
103 434 -1 1
653 433 -1 2
280 433 -1 1
655 432 -1 2
654 432 -1 2
653 432 -1 2
212 432 -1 1
204 432 -1 1
173 432 -1 1
655 431 -1 2
654 431 -1 2
205 431 -1 1
179 431 -1 2
178 431 -1 2
177 431 -1 1
173 431 -1 1
686 430 -1 1
681 430 -1 1
655 430 -1 2
650 430 -1 1
179 430 -1 2
656 429 -1 1
279 429 -1 2
276 429 -1 1
681 428 -1 1
680 428 -1 1
280 428 -1 1
178 428 -1 1
255 427 -1 1
255 426 -1 1
269 425 -1 1
268 425 -1 1
683 424 -1 2
682 424 -1 2
676 424 -1 1
685 423 -1 1
684 423 -1 2
683 423 -1 2
682 423 -1 2
279 423 -1 1
275 423 -1 1
256 423 -1 1
182 423 -1 1
180 423 -1 1
688 422 -1 1
682 422 -1 2
677 422 -1 2
278 422 -1 1
274 422 -1 1
257 422 -1 1
250 422 -1 1
207 422 -1 2
681 421 -1 2
678 421 -1 2
677 421 -1 2
261 421 -1 1
248 421 -1 1
206 421 -1 1
680 420 -1 2
679 420 -1 2
678 420 -1 2
260 420 -1 1
265 419 -1 1
272 417 -1 2
257 417 -1 1
756 416 -1 1
269 416 -1 2
268 416 -1 2
758 415 -1 1
267 415 -1 2
258 415 -1 2
267 414 -1 1
276 413 -1 2
275 413 -1 2
259 413 -1 1
765 412 -1 1
764 412 -1 1
760 412 -1 1
275 412 -1 2
275 411 -1 1
253 411 -1 2
252 411 -1 2
106 411 -1 1
754 410 -1 1
105 410 -1 1
262 409 -1 1
261 409 -1 1
249 409 -1 1
274 407 -1 1
245 407 -1 1
243 407 -1 1
764 406 -1 1
756 406 -1 2
755 406 -1 2
754 405 -1 1
276 405 -1 2
762 403 -1 2
759 403 -1 2
103 403 -1 1
762 402 -1 2
761 402 -1 2
760 402 -1 2
759 402 -1 2
105 402 -1 1
759 401 -1 2
280 400 -1 1
764 399 -1 2
280 399 -1 1
248 399 -1 1
152 399 -1 1
247 398 -1 1
152 398 -1 1
756 397 -1 2
279 397 -1 1
106 397 -1 1
105 397 -1 1
756 396 -1 2
755 396 -1 2
250 396 -1 1
755 395 -1 2
754 395 -1 2
753 395 -1 1
277 395 -1 1
251 395 -1 1
755 394 -1 2
753 393 -1 1
268 393 -1 1
255 393 -1 1
254 393 -1 1
154 393 -1 1
249 392 -1 1
151 392 -1 2
269 391 -1 1
250 391 -1 1
244 391 -1 1
151 391 -1 2
759 390 -1 2
758 390 -1 2
243 390 -1 2
262 389 -1 1
243 389 -1 2
242 389 -1 2
241 389 -1 1
155 389 -1 1
260 388 -1 1
244 388 -1 1
163 386 -1 1
154 386 -1 1
204 384 -1 2
156 384 -1 2
204 383 -1 2
166 383 -1 1
157 383 -1 2
156 383 -1 2
155 383 -1 2
154 383 -1 1
147 383 -1 1
145 383 -1 1
156 382 -1 2
157 381 -1 1
104 381 -1 1
103 380 -1 1
210 378 -1 1
102 378 -1 1
101 377 -1 1
260 376 -1 1
259 375 -1 1
208 375 -1 1
159 374 -1 1
158 374 -1 1
164 372 -1 1
164 371 -1 1
162 371 -1 1
161 370 -1 1
203 368 -1 1
202 367 -1 1
160 366 -1 1
160 365 -1 1
205 364 -1 1
203 362 -1 1
139 358 -1 1
139 357 -1 1
161 355 -1 1
160 354 -1 1
247 350 -1 1
243 349 -1 1
243 348 -1 2
198 348 -1 2
244 347 -1 2
243 347 -1 2
238 347 -1 1
239 346 -1 1
203 346 -1 1
196 346 -1 1
138 346 -1 2
137 346 -1 2
132 346 -1 1
205 345 -1 1
137 345 -1 2
136 345 -1 2
135 345 -1 1
133 345 -1 1
137 344 -1 2
158 343 -1 1
138 343 -1 1
243 342 -1 2
160 342 -1 1
135 342 -1 1
205 340 -1 1
202 340 -1 1
153 340 -1 1
134 340 -1 1
240 339 -1 1
204 339 -1 2
203 339 -1 2
151 339 -1 1
137 339 -1 1
136 339 -1 2
203 338 -1 2
135 338 -1 1
202 337 -1 1
205 327 -1 1
193 327 -1 1
204 326 -1 1
194 326 -1 1
194 322 -1 2
193 322 -1 2
190 320 -1 1
252 316 -1 1
250 316 -1 1
238 316 -1 1
194 316 -1 1
252 315 -1 2
252 314 -1 2
251 314 -1 2
239 314 -1 1
251 313 -1 2
200 311 -1 1
199 310 -1 1
256 309 -1 2
255 309 -1 2
242 309 -1 2
241 309 -1 2
203 309 -1 1
259 308 -1 1
256 308 -1 2
241 308 -1 2
258 307 -1 1
239 307 -1 1
203 307 -1 1
197 307 -1 1
258 305 -1 1
196 305 -1 1
258 304 -1 1
190 304 -1 1
208 303 -1 1
244 302 -1 1
204 302 -1 1
196 302 -1 1
190 301 -1 2
191 300 -1 2
190 300 -1 2
245 299 -1 2
198 299 -1 1
79 299 -1 1
78 299 -1 2
77 299 -1 2
251 297 -1 2
193 297 -1 1
75 296 -1 1
250 293 -1 1
198 293 -1 1
196 292 -1 1
70 290 -1 1
69 289 -1 1
234 287 -1 1
233 286 -1 1
197 273 -1 1
196 272 -1 1
158 265 -1 1
233 262 -1 1
232 261 -1 1
156 261 -1 1
160 256 -1 1
163 255 -1 1
232 254 -1 1
228 254 -1 1
231 249 -1 1
232 248 -1 2
233 247 -1 2
199 246 -1 1
198 245 -1 1
234 244 -1 1
159 243 -1 1
153 243 -1 1
69 238 -1 1
62 238 -1 1
188 235 -1 1
187 235 -1 1
197 234 -1 1
798 233 -1 1
194 232 -1 1
796 227 -1 2
197 227 -1 1
196 227 -1 1
798 226 -1 1
228 226 -1 1
1 226 -1 1
229 225 -1 1
798 223 -1 1
186 222 -1 1
227 221 -1 1
187 221 -1 2
109 221 -1 1
222 220 -1 1
108 220 -1 1
179 217 -1 1
179 216 -1 1
109 216 -1 1
109 214 -1 1
120 211 -1 1
225 210 -1 1
119 210 -1 1
222 209 -1 1
230 208 -1 1
127 208 -1 1
126 208 -1 1
12 207 -1 1
767 206 -1 1
222 206 -1 1
231 205 -1 1
222 205 -1 1
190 205 -1 1
10 205 -1 2
9 205 -1 2
767 204 -1 2
9 204 -1 2
768 203 -1 2
767 203 -1 2
188 203 -1 1
107 203 -1 1
229 201 -1 1
229 200 -1 1
103 200 -1 1
24 200 -1 1
760 198 -1 1
150 198 -1 1
761 197 -1 2
150 197 -1 1
12 197 -1 2
223 196 -1 1
13 196 -1 2
12 196 -1 2
12 195 -1 2
231 194 -1 1
227 194 -1 2
226 194 -1 2
225 194 -1 2
152 194 -1 1
151 194 -1 1
120 194 -1 1
226 193 -1 2
234 191 -1 1
120 191 -1 2
235 190 -1 1
122 190 -1 1
119 190 -1 1
101 190 -1 1
750 189 -1 1
99 189 -1 1
35 189 -1 1
751 188 -1 2
40 182 -1 1
734 181 -1 1
740 180 -1 1
642 180 -1 1
222 180 -1 1
741 179 -1 2
641 179 -1 2
638 179 -1 1
221 179 -1 1
19 179 -1 2
18 179 -1 2
653 178 -1 1
641 178 -1 2
640 178 -1 2
18 178 -1 2
642 177 -1 2
641 177 -1 2
226 177 -1 1
43 177 -1 1
38 177 -1 2
736 176 -1 2
651 176 -1 2
649 176 -1 1
643 176 -1 2
39 176 -1 2
37 176 -1 2
651 175 -1 2
650 175 -1 2
644 175 -1 2
226 175 -1 2
38 175 -1 2
37 175 -1 2
653 174 -1 2
652 174 -1 2
651 174 -1 2
650 174 -1 2
226 174 -1 2
225 174 -1 2
224 174 -1 1
161 174 -1 1
654 173 -1 2
646 173 -1 2
230 173 -1 1
228 173 -1 2
227 173 -1 2
211 173 -1 1
647 172 -1 2
646 172 -1 2
227 172 -1 2
635 171 -1 1
632 171 -1 1
158 171 -1 1
656 170 -1 1
635 170 -1 2
225 170 -1 1
222 170 -1 1
212 170 -1 2
635 169 -1 2
634 169 -1 2
219 169 -1 1
213 169 -1 2
212 169 -1 2
157 169 -1 1
52 169 -1 1
640 168 -1 2
636 168 -1 2
635 168 -1 2
220 168 -1 2
724 167 -1 1
642 167 -1 2
641 167 -1 2
640 167 -1 2
639 167 -1 2
220 167 -1 2
219 167 -1 2
210 167 -1 1
725 166 -1 2
642 166 -1 2
220 166 -1 2
158 166 -1 1
210 165 -1 1
222 164 -1 2
209 164 -1 1
25 164 -1 2
24 164 -1 2
222 163 -1 2
24 163 -1 2
219 160 -1 1
210 160 -1 1
651 159 -1 1
641 159 -1 2
211 159 -1 1
61 159 -1 1
714 158 -1 1
629 158 -1 1
715 157 -1 2
641 157 -1 2
628 157 -1 1
161 157 -1 1
160 157 -1 1
642 156 -1 2
641 156 -1 2
648 155 -1 2
643 155 -1 2
642 155 -1 2
629 155 -1 1
647 154 -1 2
223 154 -1 1
707 153 -1 1
646 153 -1 2
645 153 -1 2
630 153 -1 2
222 153 -1 2
28 153 -1 2
709 152 -1 2
708 152 -1 2
645 152 -1 2
639 152 -1 1
634 152 -1 2
631 152 -1 2
222 152 -1 2
221 152 -1 2
220 152 -1 1
29 152 -1 2
28 152 -1 2
708 151 -1 2
644 151 -1 2
642 151 -1 2
641 151 -1 2
635 151 -1 2
634 151 -1 2
633 151 -1 2
632 151 -1 2
222 151 -1 2
28 151 -1 2
636 150 -1 1
220 149 -1 2
70 149 -1 1
651 148 -1 1
647 148 -1 2
220 148 -1 2
219 148 -1 2
217 147 -1 1
645 146 -1 1
220 146 -1 1
208 146 -1 1
207 146 -1 1
697 144 -1 1
699 143 -1 2
698 143 -1 2
698 142 -1 2
33 140 -1 2
79 139 -1 1
34 139 -1 2
33 139 -1 2
33 138 -1 2
220 136 -1 1
217 136 -1 1
212 136 -1 1
687 135 -1 1
223 135 -1 1
208 135 -1 1
689 134 -1 2
688 134 -1 2
217 134 -1 1
209 134 -1 2
688 133 -1 2
217 129 -1 2
207 129 -1 1
205 129 -1 1
88 129 -1 1
219 128 -1 1
218 128 -1 2
217 128 -1 2
216 128 -1 2
201 128 -1 1
676 127 -1 1
208 127 -1 1
38 127 -1 2
214 126 -1 2
213 126 -1 2
39 126 -1 2
38 126 -1 2
677 125 -1 2
209 125 -1 2
38 125 -1 2
678 124 -1 2
677 124 -1 2
219 124 -1 1
210 124 -1 2
209 124 -1 2
209 123 -1 2
210 122 -1 1
208 122 -1 1
670 121 -1 1
221 121 -1 1
96 120 -1 2
672 119 -1 2
96 119 -1 2
95 119 -1 2
95 118 -1 2
94 118 -1 2
203 114 -1 1
43 114 -1 2
216 113 -1 1
213 113 -1 2
212 113 -1 2
44 113 -1 2
43 113 -1 2
660 112 -1 1
217 112 -1 2
213 112 -1 2
202 112 -1 2
199 112 -1 1
43 112 -1 2
218 111 -1 2
217 111 -1 2
202 111 -1 2
201 111 -1 2
198 111 -1 1
662 110 -1 2
544 110 -1 1
211 110 -1 2
210 110 -1 2
204 110 -1 1
202 110 -1 2
210 109 -1 2
106 109 -1 1
544 107 -1 2
544 106 -1 2
543 106 -1 2
541 106 -1 1
545 105 -1 1
211 104 -1 1
206 104 -1 1
202 104 -1 1
650 103 -1 1
206 103 -1 2
546 102 -1 1
205 102 -1 2
204 102 -1 2
652 101 -1 2
204 101 -1 2
500 100 -1 1
212 100 -1 1
48 100 -1 2
643 99 -1 1
547 99 -1 2
492 99 -1 1
212 99 -1 1
206 99 -1 1
202 99 -1 2
201 99 -1 2
200 99 -1 1
115 99 -1 1
49 99 -1 2
48 99 -1 2
549 98 -1 2
548 98 -1 2
547 98 -1 2
542 98 -1 1
496 98 -1 2
208 98 -1 1
202 98 -1 2
49 98 -1 2
549 97 -1 2
543 97 -1 2
497 97 -1 2
496 97 -1 2
495 97 -1 2
212 97 -1 1
644 96 -1 2
570 96 -1 1
498 96 -1 2
645 95 -1 2
644 95 -1 2
500 95 -1 1
499 95 -1 2
498 95 -1 2
212 95 -1 1
199 95 -1 2
198 95 -1 2
567 94 -1 1
558 94 -1 1
540 94 -1 2
498 94 -1 2
557 93 -1 2
556 93 -1 2
540 93 -1 2
539 93 -1 2
559 92 -1 2
558 92 -1 2
557 92 -1 2
552 92 -1 2
540 92 -1 2
497 92 -1 2
493 92 -1 1
567 91 -1 2
558 91 -1 2
551 91 -1 2
544 91 -1 1
541 91 -1 2
540 91 -1 2
497 91 -1 2
496 91 -1 2
634 90 -1 1
575 90 -1 1
567 90 -1 2
566 90 -1 2
550 90 -1 1
540 90 -1 2
194 90 -1 1
123 90 -1 2
569 89 -1 2
568 89 -1 2
499 89 -1 2
207 89 -1 1
197 89 -1 1
195 89 -1 1
123 89 -1 2
122 89 -1 2
635 88 -1 2
571 88 -1 2
570 88 -1 2
569 88 -1 2
538 88 -1 2
537 88 -1 2
533 88 -1 1
500 88 -1 1
498 88 -1 1
122 88 -1 2
121 88 -1 2
636 87 -1 2
635 87 -1 2
575 87 -1 1
572 87 -1 2
571 87 -1 2
570 87 -1 2
569 87 -1 2
538 87 -1 2
198 87 -1 1
53 87 -1 2
569 86 -1 2
54 86 -1 2
53 86 -1 2
54 85 -1 2
538 84 -1 2
505 84 -1 1
503 84 -1 1
568 83 -1 2
541 83 -1 1
539 83 -1 2
538 83 -1 2
205 83 -1 1
198 83 -1 2
573 82 -1 1
572 82 -1 2
571 82 -1 2
570 82 -1 2
561 82 -1 2
538 82 -1 2
537 82 -1 2
624 81 -1 1
571 81 -1 2
562 81 -1 2
561 81 -1 2
556 81 -1 1
562 80 -1 2
132 80 -1 2
625 79 -1 2
563 79 -1 2
562 79 -1 2
561 79 -1 2
539 79 -1 1
132 79 -1 2
131 79 -1 2
626 78 -1 2
625 78 -1 2
562 78 -1 2
549 78 -1 1
131 78 -1 2
130 78 -1 2
556 77 -1 1
548 77 -1 2
539 77 -1 1
534 77 -1 2
576 76 -1 1
560 76 -1 2
559 76 -1 2
547 76 -1 2
542 76 -1 1
534 76 -1 2
533 76 -1 2
260 76 -1 1
560 75 -1 2
534 75 -1 2
301 75 -1 1
569 74 -1 1
566 74 -1 2
565 74 -1 2
559 74 -1 2
558 74 -1 2
546 74 -1 2
303 74 -1 2
261 74 -1 2
253 74 -1 1
565 73 -1 2
559 73 -1 2
547 73 -1 2
546 73 -1 2
539 73 -1 2
525 73 -1 2
333 73 -1 1
304 73 -1 2
265 73 -1 2
264 73 -1 2
262 73 -1 2
261 73 -1 2
614 72 -1 1
565 72 -1 2
546 72 -1 2
545 72 -1 2
543 72 -1 2
539 72 -1 2
538 72 -1 2
526 72 -1 1
332 72 -1 1
330 72 -1 1
280 72 -1 1
265 72 -1 2
257 72 -1 2
59 72 -1 2
565 71 -1 2
564 71 -1 2
544 71 -1 2
543 71 -1 2
304 71 -1 2
296 71 -1 1
266 71 -1 1
258 71 -1 2
140 71 -1 1
730 70 -1 2
615 70 -1 2
565 70 -1 2
543 70 -1 2
376 70 -1 1
307 70 -1 2
306 70 -1 2
305 70 -1 2
304 70 -1 2
303 70 -1 2
297 70 -1 2
139 70 -1 2
616 69 -1 2
615 69 -1 2
542 69 -1 2
541 69 -1 2
378 69 -1 1
376 69 -1 2
304 69 -1 2
142 69 -1 1
140 69 -1 2
139 69 -1 2
607 68 -1 1
541 68 -1 2
377 68 -1 2
376 68 -1 2
323 68 -1 2
296 68 -1 2
272 68 -1 2
268 68 -1 1
139 68 -1 2
138 68 -1 2
565 67 -1 2
525 67 -1 1
370 67 -1 1
324 67 -1 2
323 67 -1 2
322 67 -1 2
321 67 -1 1
271 67 -1 2
569 66 -1 2
568 66 -1 2
566 66 -1 2
565 66 -1 2
533 66 -1 1
524 66 -1 2
375 66 -1 2
323 66 -1 2
570 65 -1 1
565 65 -1 2
562 65 -1 1
561 65 -1 1
540 65 -1 2
376 65 -1 1
373 65 -1 2
372 65 -1 2
310 65 -1 2
300 65 -1 2
299 65 -1 2
609 64 -1 2
540 64 -1 2
539 64 -1 2
372 64 -1 2
371 64 -1 2
326 64 -1 1
321 64 -1 2
311 64 -1 2
310 64 -1 2
300 64 -1 2
556 63 -1 2
540 63 -1 2
366 63 -1 1
354 63 -1 1
322 63 -1 2
321 63 -1 2
320 63 -1 2
310 63 -1 2
62 63 -1 2
541 62 -1 2
351 62 -1 1
321 62 -1 2
306 62 -1 1
63 62 -1 2
62 62 -1 2
560 61 -1 1
540 61 -1 2
539 61 -1 2
360 61 -1 1
354 61 -1 2
352 61 -1 2
339 61 -1 1
322 61 -1 2
293 61 -1 2
292 61 -1 2
275 61 -1 1
149 61 -1 1
66 61 -1 2
553 60 -1 2
540 60 -1 2
525 60 -1 2
357 60 -1 2
356 60 -1 2
355 60 -1 2
354 60 -1 2
353 60 -1 2
351 60 -1 1
326 60 -1 1
324 60 -1 1
323 60 -1 2
322 60 -1 2
308 60 -1 2
302 60 -1 1
292 60 -1 2
148 60 -1 2
564 59 -1 1
553 59 -1 2
552 59 -1 2
525 59 -1 2
524 59 -1 2
522 59 -1 1
401 59 -1 1
393 59 -1 1
355 59 -1 2
298 59 -1 2
297 59 -1 2
291 59 -1 2
278 59 -1 2
151 59 -1 1
149 59 -1 2
148 59 -1 2
597 58 -1 1
553 58 -1 2
526 58 -1 2
525 58 -1 2
397 58 -1 2
335 58 -1 2
298 58 -1 2
290 58 -1 2
148 58 -1 2
147 58 -1 2
556 57 -1 1
554 57 -1 2
553 57 -1 2
527 57 -1 2
398 57 -1 2
354 57 -1 2
336 57 -1 2
335 57 -1 2
555 56 -1 2
527 56 -1 2
404 56 -1 1
399 56 -1 2
355 56 -1 2
354 56 -1 2
353 56 -1 2
344 56 -1 1
339 56 -1 1
335 56 -1 2
334 56 -1 2
300 56 -1 2
276 56 -1 1
599 55 -1 2
528 55 -1 2
527 55 -1 2
402 55 -1 2
391 55 -1 1
332 55 -1 2
300 55 -1 2
80 55 -1 2
563 54 -1 1
527 54 -1 2
521 54 -1 1
404 54 -1 1
403 54 -1 2
402 54 -1 2
401 54 -1 2
362 54 -1 1
303 54 -1 2
301 54 -1 2
300 54 -1 2
276 54 -1 1
562 53 -1 2
540 53 -1 2
400 53 -1 2
331 53 -1 2
303 53 -1 2
302 53 -1 2
294 53 -1 1
266 53 -1 1
561 52 -1 2
540 52 -1 2
539 52 -1 2
531 52 -1 2
450 52 -1 1
409 52 -1 1
368 52 -1 1
347 52 -1 2
337 52 -1 2
332 52 -1 2
331 52 -1 2
330 52 -1 2
321 52 -1 2
270 52 -1 2
269 52 -1 2
157 52 -1 1
559 51 -1 2
558 51 -1 2
521 51 -1 2
518 51 -1 1
394 51 -1 2
366 51 -1 2
365 51 -1 2
337 51 -1 2
334 51 -1 1
320 51 -1 2
319 51 -1 2
317 51 -1 2
308 51 -1 2
307 51 -1 2
306 51 -1 2
305 51 -1 2
296 51 -1 2
288 51 -1 1
274 51 -1 2
269 51 -1 2
268 51 -1 2
558 50 -1 2
522 50 -1 2
521 50 -1 2
520 50 -1 2
454 50 -1 2
453 50 -1 2
397 50 -1 2
396 50 -1 2
395 50 -1 2
394 50 -1 2
393 50 -1 2
392 50 -1 1
347 50 -1 2
320 50 -1 2
318 50 -1 2
317 50 -1 2
316 50 -1 2
315 50 -1 2
314 50 -1 2
313 50 -1 2
312 50 -1 2
307 50 -1 2
304 50 -1 1
274 50 -1 2
273 50 -1 2
156 50 -1 2
587 49 -1 1
536 49 -1 1
530 49 -1 1
521 49 -1 2
454 49 -1 2
407 49 -1 2
406 49 -1 2
398 49 -1 2
397 49 -1 2
348 49 -1 2
346 49 -1 2
318 49 -1 2
314 49 -1 2
313 49 -1 2
294 49 -1 2
288 49 -1 2
273 49 -1 2
160 49 -1 1
157 49 -1 2
156 49 -1 2
94 49 -1 2
93 49 -1 2
547 48 -1 1
407 48 -1 2
398 48 -1 2
347 48 -1 2
339 48 -1 2
321 48 -1 1
318 48 -1 1
315 48 -1 1
294 48 -1 2
293 48 -1 2
289 48 -1 2
288 48 -1 2
273 48 -1 1
156 48 -1 2
155 48 -1 2
95 48 -1 2
94 48 -1 2
556 47 -1 2
529 47 -1 2
454 47 -1 2
448 47 -1 2
361 47 -1 2
358 47 -1 2
340 47 -1 2
339 47 -1 2
307 47 -1 1
296 47 -1 2
295 47 -1 2
288 47 -1 2
287 47 -1 2
589 46 -1 2
555 46 -1 2
546 46 -1 2
545 46 -1 2
528 46 -1 2
449 46 -1 2
448 46 -1 2
447 46 -1 2
446 46 -1 1
394 46 -1 2
362 46 -1 2
361 46 -1 2
360 46 -1 2
357 46 -1 2
356 46 -1 2
355 46 -1 2
354 46 -1 2
347 46 -1 1
339 46 -1 2
338 46 -1 2
295 46 -1 2
546 45 -1 2
528 45 -1 1
462 45 -1 1
402 45 -1 2
401 45 -1 2
393 45 -1 2
389 45 -1 1
361 45 -1 2
356 45 -1 2
355 45 -1 2
336 45 -1 1
299 45 -1 1
285 45 -1 2
548 44 -1 2
547 44 -1 2
541 44 -1 1
403 44 -1 2
402 44 -1 2
390 44 -1 2
347 44 -1 1
284 44 -1 2
547 43 -1 2
546 43 -1 2
458 43 -1 2
457 43 -1 2
402 43 -1 2
389 43 -1 2
367 43 -1 2
284 43 -1 2
283 43 -1 2
281 43 -1 1
108 43 -1 2
107 43 -1 2
547 42 -1 2
545 42 -1 2
544 42 -1 2
457 42 -1 2
441 42 -1 1
389 42 -1 2
388 42 -1 2
284 42 -1 2
166 42 -1 1
109 42 -1 2
108 42 -1 2
544 41 -1 2
466 41 -1 1
457 41 -1 2
456 41 -1 2
455 41 -1 2
454 41 -1 2
389 41 -1 2
386 41 -1 1
369 41 -1 2
577 40 -1 1
544 40 -1 2
543 40 -1 2
539 40 -1 1
466 40 -1 2
458 40 -1 2
457 40 -1 2
454 40 -1 2
453 40 -1 2
452 40 -1 2
451 40 -1 2
448 40 -1 1
441 40 -1 1
369 40 -1 2
358 40 -1 1
346 40 -1 2
344 40 -1 2
165 40 -1 2
550 39 -1 1
544 39 -1 2
528 39 -1 1
485 39 -1 1
467 39 -1 2
466 39 -1 2
465 39 -1 2
464 39 -1 2
463 39 -1 2
461 39 -1 2
460 39 -1 2
459 39 -1 2
457 39 -1 2
453 39 -1 2
451 39 -1 2
450 39 -1 2
449 39 -1 2
392 39 -1 1
350 39 -1 2
349 39 -1 2
348 39 -1 2
347 39 -1 2
343 39 -1 1
169 39 -1 1
166 39 -1 2
165 39 -1 2
543 38 -1 2
525 38 -1 1
496 38 -1 1
464 38 -1 2
460 38 -1 2
450 38 -1 2
348 38 -1 2
287 38 -1 2
165 38 -1 2
164 38 -1 2
579 37 -1 2
544 37 -1 2
543 37 -1 2
525 37 -1 2
522 37 -1 1
370 37 -1 2
351 37 -1 1
292 37 -1 2
288 37 -1 2
121 37 -1 2
120 37 -1 2
545 36 -1 1
542 36 -1 2
532 36 -1 2
525 36 -1 2
524 36 -1 2
450 36 -1 1
402 36 -1 2
395 36 -1 1
370 36 -1 2
292 36 -1 2
291 36 -1 2
122 36 -1 2
121 36 -1 2
542 35 -1 2
541 35 -1 2
540 35 -1 1
531 35 -1 2
526 35 -1 2
525 35 -1 2
293 35 -1 2
542 34 -1 2
531 34 -1 2
527 34 -1 2
526 34 -1 2
489 34 -1 2
488 34 -1 2
453 34 -1 2
452 34 -1 2
400 34 -1 2
294 34 -1 2
293 34 -1 2
566 33 -1 1
542 33 -1 1
527 33 -1 2
489 33 -1 2
474 33 -1 1
452 33 -1 2
451 33 -1 2
445 33 -1 1
400 33 -1 2
399 33 -1 2
369 33 -1 2
292 33 -1 1
482 32 -1 1
473 32 -1 2
452 32 -1 2
399 32 -1 2
369 32 -1 2
296 32 -1 2
175 32 -1 1
516 31 -1 1
452 31 -1 1
448 31 -1 2
447 31 -1 2
440 31 -1 1
399 31 -1 2
350 31 -1 1
344 31 -1 1
295 31 -1 1
135 31 -1 2
134 31 -1 2
496 30 -1 1
461 30 -1 1
447 30 -1 2
437 30 -1 1
400 30 -1 2
399 30 -1 2
398 30 -1 2
380 30 -1 1
297 30 -1 1
174 30 -1 2
136 30 -1 2
135 30 -1 2
520 29 -1 2
519 29 -1 2
407 29 -1 2
350 29 -1 1
178 29 -1 1
175 29 -1 2
174 29 -1 2
569 28 -1 2
568 28 -1 2
532 28 -1 2
531 28 -1 2
520 28 -1 2
462 28 -1 1
453 28 -1 1
446 28 -1 2
444 28 -1 2
443 28 -1 2
358 28 -1 2
345 28 -1 1
174 28 -1 2
173 28 -1 2
568 27 -1 2
531 27 -1 2
520 27 -1 2
519 27 -1 2
518 27 -1 2
497 27 -1 1
490 27 -1 2
487 27 -1 2
453 27 -1 2
446 27 -1 2
445 27 -1 2
444 27 -1 2
443 27 -1 2
442 27 -1 2
438 27 -1 2
409 27 -1 1
396 27 -1 2
390 27 -1 1
372 27 -1 2
560 26 -1 1
518 26 -1 2
491 26 -1 2
490 26 -1 2
489 26 -1 2
488 26 -1 2
487 26 -1 2
475 26 -1 2
453 26 -1 2
452 26 -1 2
446 26 -1 2
439 26 -1 2
438 26 -1 2
391 26 -1 2
373 26 -1 2
372 26 -1 2
346 26 -1 2
489 25 -1 2
488 25 -1 2
487 25 -1 2
486 25 -1 2
476 25 -1 2
475 25 -1 2
449 25 -1 2
448 25 -1 2
447 25 -1 2
438 25 -1 2
434 25 -1 1
380 25 -1 2
346 25 -1 2
345 25 -1 2
344 25 -1 2
343 25 -1 2
335 25 -1 1
149 25 -1 2
530 24 -1 2
496 24 -1 1
490 24 -1 2
489 24 -1 2
488 24 -1 2
487 24 -1 2
486 24 -1 2
485 24 -1 2
448 24 -1 2
447 24 -1 2
400 24 -1 2
399 24 -1 2
381 24 -1 2
380 24 -1 2
379 24 -1 2
346 24 -1 2
344 24 -1 2
149 24 -1 2
148 24 -1 2
563 23 -1 2
562 23 -1 2
530 23 -1 2
529 23 -1 2
485 23 -1 2
484 23 -1 2
460 23 -1 2
459 23 -1 2
458 23 -1 2
457 23 -1 2
447 23 -1 2
434 23 -1 2
431 23 -1 1
400 23 -1 2
399 23 -1 2
369 23 -1 2
368 23 -1 2
354 23 -1 2
347 23 -1 2
343 23 -1 1
339 23 -1 2
338 23 -1 2
337 23 -1 2
183 23 -1 1
562 22 -1 2
530 22 -1 2
487 22 -1 2
486 22 -1 2
485 22 -1 2
462 22 -1 2
461 22 -1 2
458 22 -1 2
457 22 -1 2
456 22 -1 2
446 22 -1 2
437 22 -1 2
435 22 -1 2
434 22 -1 2
433 22 -1 2
399 22 -1 2
385 22 -1 2
384 22 -1 2
369 22 -1 2
353 22 -1 2
348 22 -1 2
347 22 -1 2
338 22 -1 2
486 21 -1 2
485 21 -1 2
463 21 -1 2
462 21 -1 2
458 21 -1 2
446 21 -1 2
445 21 -1 2
438 21 -1 2
437 21 -1 2
436 21 -1 2
407 21 -1 1
384 21 -1 2
355 21 -1 2
354 21 -1 2
515 20 -1 2
494 20 -1 1
485 20 -1 2
466 20 -1 2
465 20 -1 2
453 20 -1 2
452 20 -1 2
447 20 -1 2
446 20 -1 2
437 20 -1 2
386 20 -1 2
385 20 -1 2
354 20 -1 2
353 20 -1 2
523 19 -1 2
515 19 -1 2
514 19 -1 2
465 19 -1 2
460 19 -1 1
446 19 -1 2
405 19 -1 2
404 19 -1 2
385 19 -1 2
187 19 -1 1
181 19 -1 2
163 19 -1 2
558 18 -1 2
557 18 -1 2
524 18 -1 2
523 18 -1 2
522 18 -1 2
515 18 -1 2
458 18 -1 1
445 18 -1 2
437 18 -1 2
405 18 -1 2
404 18 -1 2
369 18 -1 2
351 18 -1 1
342 18 -1 1
182 18 -1 2
181 18 -1 2
163 18 -1 2
162 18 -1 2
558 17 -1 2
516 17 -1 2
445 17 -1 2
444 17 -1 2
438 17 -1 2
437 17 -1 2
432 17 -1 1
405 17 -1 2
403 17 -1 1
369 17 -1 2
368 17 -1 2
367 17 -1 1
515 16 -1 2
511 16 -1 1
496 16 -1 1
436 16 -1 2
435 16 -1 2
406 16 -1 1
369 16 -1 2
342 16 -1 1
339 16 -1 2
515 15 -1 2
514 15 -1 2
513 15 -1 2
512 15 -1 2
458 15 -1 1
436 15 -1 2
369 15 -1 2
349 15 -1 1
340 15 -1 2
543 14 -1 1
515 14 -1 2
513 14 -1 2
512 14 -1 2
384 14 -1 2
370 14 -1 2
369 14 -1 2
341 14 -1 2
239 14 -1 1
515 13 -1 2
484 13 -1 2
458 13 -1 2
390 13 -1 1
385 13 -1 2
384 13 -1 2
373 13 -1 2
372 13 -1 2
356 13 -1 2
176 13 -1 2
175 13 -1 2
516 12 -1 2
515 12 -1 2
493 12 -1 1
486 12 -1 2
485 12 -1 2
484 12 -1 2
465 12 -1 2
458 12 -1 2
457 12 -1 2
437 12 -1 2
434 12 -1 1
384 12 -1 2
383 12 -1 2
372 12 -1 2
356 12 -1 2
355 12 -1 2
342 12 -1 2
242 12 -1 2
193 12 -1 1
177 12 -1 2
176 12 -1 2
515 11 -1 2
485 11 -1 2
484 11 -1 2
465 11 -1 2
464 11 -1 2
437 11 -1 2
436 11 -1 2
384 11 -1 2
356 11 -1 2
343 11 -1 2
342 11 -1 2
341 11 -1 2
248 11 -1 1
241 11 -1 2
557 10 -1 1
511 10 -1 1
467 10 -1 2
466 10 -1 2
437 10 -1 2
356 10 -1 2
340 10 -1 1
241 10 -1 2
192 10 -1 2
513 9 -1 2
512 9 -1 2
481 9 -1 2
480 9 -1 2
479 9 -1 2
466 9 -1 2
446 9 -1 2
438 9 -1 2
357 9 -1 2
356 9 -1 2
241 9 -1 2
240 9 -1 2
239 9 -1 1
196 9 -1 1
193 9 -1 2
192 9 -1 2
512 8 -1 2
494 8 -1 1
489 8 -1 2
488 8 -1 2
480 8 -1 2
452 8 -1 2
451 8 -1 2
450 8 -1 2
447 8 -1 2
446 8 -1 2
445 8 -1 2
384 8 -1 2
355 8 -1 2
354 8 -1 2
353 8 -1 2
347 8 -1 2
241 8 -1 2
192 8 -1 2
191 8 -1 2
488 7 -1 2
451 7 -1 2
443 7 -1 2
442 7 -1 2
441 7 -1 2
430 7 -1 1
386 7 -1 2
385 7 -1 2
383 7 -1 2
382 7 -1 2
361 7 -1 2
360 7 -1 2
354 7 -1 2
348 7 -1 2
347 7 -1 2
248 7 -1 2
190 7 -1 2
442 6 -1 2
434 6 -1 2
433 6 -1 2
432 6 -1 2
389 6 -1 1
387 6 -1 2
385 6 -1 2
383 6 -1 2
361 6 -1 2
360 6 -1 2
346 6 -1 1
250 6 -1 1
249 6 -1 2
248 6 -1 2
191 6 -1 2
190 6 -1 2
189 6 -1 2
464 5 -1 2
443 5 -1 2
442 5 -1 2
433 5 -1 2
386 5 -1 2
373 5 -1 2
362 5 -1 2
256 5 -1 1
248 5 -1 2
232 5 -1 1
464 4 -1 2
463 4 -1 2
432 4 -1 2
378 4 -1 2
377 4 -1 2
376 4 -1 2
374 4 -1 2
373 4 -1 2
359 4 -1 1
355 4 -1 1
247 4 -1 2
242 4 -1 2
510 3 -1 1
455 3 -1 2
432 3 -1 2
431 3 -1 2
377 3 -1 2
262 3 -1 2
261 3 -1 2
260 3 -1 2
248 3 -1 2
247 3 -1 2
246 3 -1 2
243 3 -1 2
242 3 -1 2
241 3 -1 2
235 3 -1 2
234 3 -1 2
798 2 -1 1
552 2 -1 1
493 2 -1 1
431 2 -1 2
390 2 -1 1
269 2 -1 1
261 2 -1 2
250 2 -1 2
247 2 -1 2
236 2 -1 2
235 2 -1 2
2 2 -1 1
452 1 -1 1
449 1 -1 1
440 1 -1 1
435 1 -1 1
431 1 -1 1
381 1 -1 1
378 1 -1 1
360 1 -1 1
252 1 -1 1
251 1 -1 2
247 1 -1 1
233 1 -1 1
204 1 -1 1
