342 512 512
338 386 -1 1
308 382 -1 1
202 382 -1 1
202 381 -1 1
360 374 -1 1
311 368 -1 1
333 366 -1 1
196 366 -1 1
158 366 -1 1
67 366 -1 1
196 365 -1 1
158 365 -1 1
67 365 -1 1
193 363 -1 1
126 363 -1 1
193 362 -1 1
126 362 -1 1
169 362 -1 1
168 362 -1 1
169 361 -1 1
383 361 -1 1
151 360 -1 1
151 359 -1 1
361 358 -1 1
395 355 -1 1
343 355 -1 1
396 355 -1 1
344 355 -1 1
193 353 -1 1
399 352 -1 1
193 352 -1 1
400 352 -1 1
263 352 -1 1
388 351 -1 1
364 350 -1 1
363 350 -1 1
364 349 -1 1
324 349 -1 1
365 347 -1 1
366 346 -1 1
158 345 -1 1
183 344 -1 1
183 343 -1 1
190 341 -1 1
180 341 -1 1
190 340 -1 1
180 340 -1 1
376 339 -1 1
377 339 -1 1
209 338 -1 1
262 337 -1 1
209 337 -1 1
366 336 -1 1
343 335 -1 1
206 335 -1 1
206 334 -1 1
361 334 -1 1
385 333 -1 1
386 333 -1 1
363 333 -1 1
227 333 -1 1
353 330 -1 1
299 330 -1 1
71 330 -1 1
354 330 -1 1
300 330 -1 1
369 328 -1 1
290 324 -1 1
291 324 -1 1
114 322 -1 1
114 321 -1 1
391 320 -1 1
324 320 -1 1
392 320 -1 1
341 320 -1 1
325 320 -1 1
360 317 -1 1
361 317 -1 1
347 317 -1 1
346 317 -1 1
347 316 -1 1
319 314 -1 1
399 314 -1 1
320 314 -1 1
227 313 -1 1
226 313 -1 1
297 311 -1 1
297 310 -1 1
411 310 -1 1
348 310 -1 1
348 309 -1 1
223 309 -1 1
350 307 -1 1
351 307 -1 1
342 306 -1 1
238 306 -1 1
342 305 -1 1
238 305 -1 1
320 304 -1 1
411 301 -1 1
402 301 -1 1
380 301 -1 1
412 300 -1 1
291 299 -1 1
326 298 -1 1
383 298 -1 1
370 298 -1 1
327 298 -1 1
373 296 -1 1
373 295 -1 1
342 294 -1 1
398 293 -1 1
279 290 -1 1
336 288 -1 1
218 287 -1 1
218 286 -1 1
225 285 -1 1
242 284 -1 1
361 282 -1 1
310 282 -1 1
361 281 -1 1
352 281 -1 1
311 281 -1 1
258 277 -1 1
114 277 -1 1
418 276 -1 1
185 275 -1 1
184 275 -1 1
338 274 -1 1
374 272 -1 1
239 272 -1 1
398 270 -1 1
406 270 -1 1
255 266 -1 1
393 266 -1 1
254 266 -1 1
393 265 -1 1
263 264 -1 1
206 262 -1 1
415 259 -1 1
415 258 -1 1
301 258 -1 1
300 258 -1 1
300 257 -1 1
159 257 -1 1
450 256 -1 1
282 256 -1 1
448 256 -1 1
437 256 -1 1
448 255 -1 1
320 255 -1 1
320 254 -1 1
304 253 -1 1
320 251 -1 1
431 250 -1 1
421 250 -1 1
127 249 -1 1
377 248 -1 1
162 247 -1 1
207 246 -1 1
206 246 -1 1
207 245 -1 1
260 245 -1 1
456 244 -1 1
416 243 -1 1
415 243 -1 1
251 241 -1 1
323 241 -1 1
365 240 -1 1
202 238 -1 1
451 237 -1 1
390 237 -1 1
390 236 -1 1
175 235 -1 1
139 235 -1 1
138 235 -1 1
139 234 -1 1
383 231 -1 1
170 231 -1 1
169 230 -1 1
168 228 -1 1
167 228 -1 1
303 226 -1 1
456 226 -1 1
261 224 -1 1
331 224 -1 1
260 224 -1 1
332 223 -1 1
450 222 -1 1
449 221 -1 1
258 219 -1 1
112 219 -1 1
257 219 -1 1
160 217 -1 1
159 217 -1 1
244 215 -1 1
190 215 -1 1
161 214 -1 1
168 212 -1 1
161 211 -1 1
455 210 -1 1
280 209 -1 1
279 209 -1 1
215 209 -1 1
216 208 -1 1
215 208 -1 1
96 206 -1 1
221 203 -1 1
222 202 -1 1
441 202 -1 1
274 200 -1 1
229 200 -1 1
228 200 -1 1
273 199 -1 1
118 198 -1 1
271 196 -1 1
270 196 -1 1
422 195 -1 1
442 194 -1 1
89 192 -1 1
203 187 -1 1
442 183 -1 1
89 181 -1 1
111 181 -1 1
111 180 -1 1
125 179 -1 1
253 178 -1 1
214 178 -1 1
252 178 -1 1
215 178 -1 1
340 177 -1 1
339 177 -1 1
118 176 -1 1
281 174 -1 1
243 172 -1 1
332 172 -1 1
242 172 -1 1
332 171 -1 1
175 163 -1 1
420 163 -1 1
429 162 -1 1
408 159 -1 1
194 158 -1 1
433 156 -1 1
210 156 -1 1
432 155 -1 1
162 155 -1 1
189 154 -1 1
199 153 -1 1
279 153 -1 1
200 153 -1 1
146 153 -1 1
269 152 -1 1
190 151 -1 1
408 151 -1 1
231 151 -1 1
191 148 -1 1
391 146 -1 1
220 146 -1 1
390 146 -1 1
178 146 -1 1
455 145 -1 1
116 145 -1 1
443 145 -1 1
443 144 -1 1
315 143 -1 1
314 143 -1 1
302 143 -1 1
181 143 -1 1
440 142 -1 1
440 141 -1 1
275 140 -1 1
184 140 -1 1
253 137 -1 1
271 137 -1 1
252 137 -1 1
363 134 -1 1
362 134 -1 1
266 134 -1 1
311 133 -1 1
156 133 -1 1
315 132 -1 1
310 132 -1 1
156 132 -1 1
316 132 -1 1
99 132 -1 1
420 131 -1 1
377 131 -1 1
373 131 -1 1
419 130 -1 1
377 130 -1 1
373 130 -1 1
372 130 -1 1
348 130 -1 1
455 129 -1 1
158 129 -1 1
393 126 -1 1
107 125 -1 1
106 125 -1 1
107 124 -1 1
412 124 -1 1
351 124 -1 1
140 124 -1 1
411 123 -1 1
345 121 -1 1
344 121 -1 1
271 121 -1 1
143 121 -1 1
290 118 -1 1
266 118 -1 1
161 118 -1 1
146 118 -1 1
433 117 -1 1
121 117 -1 1
100 116 -1 1
149 115 -1 1
256 112 -1 1
255 112 -1 1
407 111 -1 1
133 105 -1 1
218 103 -1 1
217 103 -1 1
218 102 -1 1
137 102 -1 1
426 101 -1 1
425 101 -1 1
269 101 -1 1
400 100 -1 1
390 99 -1 1
141 99 -1 1
181 99 -1 1
142 99 -1 1
186 98 -1 1
147 96 -1 1
114 96 -1 1
126 91 -1 1
302 89 -1 1
303 88 -1 1
302 88 -1 1
175 65 -1 1
327 65 -1 1
129 64 -1 1
