491 512 512
347 469 -1 1
430 468 -1 1
318 467 -1 1
317 467 -1 1
318 466 -1 1
318 465 -1 1
264 465 -1 1
214 465 -1 1
176 464 -1 1
175 464 -1 1
448 462 -1 1
374 461 -1 1
374 460 -1 1
248 459 -1 1
232 458 -1 1
278 455 -1 1
442 454 -1 1
435 454 -1 1
177 453 -1 1
443 453 -1 1
355 452 -1 1
356 452 -1 1
211 451 -1 1
212 450 -1 1
285 449 -1 1
284 449 -1 1
338 447 -1 1
328 445 -1 1
297 445 -1 1
328 444 -1 1
184 444 -1 1
361 442 -1 1
362 442 -1 1
308 441 -1 1
354 438 -1 1
431 438 -1 1
339 438 -1 1
339 437 -1 1
432 436 -1 1
141 436 -1 1
164 435 -1 1
232 433 -1 1
188 433 -1 1
187 433 -1 1
369 431 -1 1
380 430 -1 1
303 428 -1 1
336 427 -1 1
245 427 -1 1
347 424 -1 1
346 424 -1 1
347 423 -1 1
155 422 -1 1
361 421 -1 1
260 421 -1 1
143 421 -1 1
258 419 -1 1
332 418 -1 1
430 417 -1 1
296 416 -1 1
416 415 -1 1
258 415 -1 1
257 415 -1 1
397 414 -1 1
317 414 -1 1
274 414 -1 1
191 414 -1 1
287 412 -1 1
254 412 -1 1
177 412 -1 1
333 411 -1 1
254 411 -1 1
458 411 -1 1
378 410 -1 1
376 409 -1 1
175 409 -1 1
395 406 -1 1
193 406 -1 1
147 403 -1 1
279 401 -1 1
233 401 -1 1
199 400 -1 1
118 397 -1 1
255 394 -1 1
396 394 -1 1
193 393 -1 1
278 392 -1 1
318 390 -1 1
319 389 -1 1
218 389 -1 1
466 388 -1 1
423 388 -1 1
467 388 -1 1
434 388 -1 1
459 386 -1 1
366 384 -1 1
133 384 -1 1
366 383 -1 1
313 383 -1 1
313 382 -1 1
373 378 -1 1
292 378 -1 1
291 378 -1 1
373 377 -1 1
291 377 -1 1
453 377 -1 1
405 376 -1 1
404 376 -1 1
347 375 -1 1
347 374 -1 1
93 374 -1 1
447 369 -1 1
428 369 -1 1
415 368 -1 1
414 368 -1 1
193 367 -1 1
194 367 -1 1
226 366 -1 1
321 366 -1 1
387 365 -1 1
438 363 -1 1
130 363 -1 1
157 363 -1 1
157 362 -1 1
379 362 -1 1
366 362 -1 1
211 362 -1 1
158 362 -1 1
379 361 -1 1
366 361 -1 1
210 361 -1 1
180 361 -1 1
468 359 -1 1
382 359 -1 1
469 358 -1 1
382 358 -1 1
291 358 -1 1
93 357 -1 1
373 356 -1 1
195 356 -1 1
374 355 -1 1
259 355 -1 1
443 354 -1 1
193 354 -1 1
190 354 -1 1
190 353 -1 1
435 350 -1 1
83 349 -1 1
416 348 -1 1
261 348 -1 1
149 347 -1 1
73 345 -1 1
116 344 -1 1
363 343 -1 1
363 342 -1 1
466 342 -1 1
367 340 -1 1
367 339 -1 1
66 339 -1 1
390 338 -1 1
258 338 -1 1
370 337 -1 1
370 336 -1 1
371 335 -1 1
322 334 -1 1
259 334 -1 1
258 334 -1 1
323 333 -1 1
195 332 -1 1
228 329 -1 1
227 329 -1 1
54 329 -1 1
212 327 -1 1
275 325 -1 1
274 325 -1 1
275 324 -1 1
142 324 -1 1
344 323 -1 1
454 322 -1 1
141 322 -1 1
171 321 -1 1
276 321 -1 1
277 320 -1 1
227 320 -1 1
320 319 -1 1
137 318 -1 1
223 317 -1 1
347 316 -1 1
153 316 -1 1
446 315 -1 1
153 314 -1 1
258 313 -1 1
351 312 -1 1
352 311 -1 1
394 310 -1 1
319 309 -1 1
320 308 -1 1
237 308 -1 1
377 303 -1 1
332 302 -1 1
284 302 -1 1
283 302 -1 1
333 301 -1 1
284 301 -1 1
300 299 -1 1
300 298 -1 1
235 298 -1 1
214 297 -1 1
419 296 -1 1
323 296 -1 1
324 295 -1 1
371 295 -1 1
372 294 -1 1
214 294 -1 1
283 293 -1 1
214 292 -1 1
285 291 -1 1
349 289 -1 1
165 287 -1 1
244 285 -1 1
457 284 -1 1
341 283 -1 1
312 283 -1 1
283 283 -1 1
342 282 -1 1
312 282 -1 1
283 282 -1 1
316 280 -1 1
316 279 -1 1
224 279 -1 1
395 278 -1 1
374 277 -1 1
348 277 -1 1
320 277 -1 1
257 277 -1 1
348 276 -1 1
320 276 -1 1
280 276 -1 1
271 271 -1 1
272 270 -1 1
344 270 -1 1
344 269 -1 1
355 269 -1 1
356 266 -1 1
320 264 -1 1
285 264 -1 1
357 263 -1 1
321 263 -1 1
286 263 -1 1
323 261 -1 1
289 261 -1 1
324 260 -1 1
289 260 -1 1
341 260 -1 1
199 260 -1 1
242 255 -1 1
370 253 -1 1
227 252 -1 1
333 246 -1 1
334 246 -1 1
253 245 -1 1
343 244 -1 1
254 244 -1 1
316 239 -1 1
219 237 -1 1
392 234 -1 1
412 233 -1 1
240 230 -1 1
322 229 -1 1
289 226 -1 1
275 223 -1 1
253 223 -1 1
254 222 -1 1
310 217 -1 1
178 216 -1 1
83 216 -1 1
403 215 -1 1
179 215 -1 1
84 215 -1 1
361 213 -1 1
281 213 -1 1
124 213 -1 1
360 212 -1 1
330 212 -1 1
212 212 -1 1
125 212 -1 1
361 212 -1 1
329 212 -1 1
162 210 -1 1
86 210 -1 1
163 209 -1 1
87 209 -1 1
165 206 -1 1
166 206 -1 1
310 205 -1 1
351 205 -1 1
351 204 -1 1
178 201 -1 1
61 201 -1 1
179 200 -1 1
62 200 -1 1
348 199 -1 1
259 198 -1 1
181 198 -1 1
259 197 -1 1
181 197 -1 1
335 197 -1 1
284 197 -1 1
135 197 -1 1
282 196 -1 1
208 195 -1 1
184 195 -1 1
208 194 -1 1
185 194 -1 1
99 191 -1 1
100 190 -1 1
168 188 -1 1
298 187 -1 1
102 186 -1 1
103 186 -1 1
351 182 -1 1
212 182 -1 1
212 181 -1 1
105 181 -1 1
106 181 -1 1
448 179 -1 1
205 176 -1 1
472 175 -1 1
206 175 -1 1
146 174 -1 1
227 173 -1 1
228 172 -1 1
58 172 -1 1
59 171 -1 1
83 169 -1 1
84 168 -1 1
124 168 -1 1
178 167 -1 1
95 167 -1 1
204 166 -1 1
192 166 -1 1
204 165 -1 1
192 165 -1 1
133 165 -1 1
132 165 -1 1
328 164 -1 1
170 164 -1 1
294 163 -1 1
225 163 -1 1
208 163 -1 1
208 162 -1 1
120 162 -1 1
324 159 -1 1
323 159 -1 1
220 157 -1 1
220 156 -1 1
267 156 -1 1
301 152 -1 1
231 151 -1 1
232 150 -1 1
140 148 -1 1
397 147 -1 1
296 147 -1 1
281 146 -1 1
283 145 -1 1
143 145 -1 1
240 144 -1 1
241 143 -1 1
80 143 -1 1
370 143 -1 1
369 143 -1 1
81 143 -1 1
370 142 -1 1
149 139 -1 1
288 138 -1 1
247 138 -1 1
234 138 -1 1
247 137 -1 1
235 137 -1 1
264 137 -1 1
152 136 -1 1
308 135 -1 1
363 134 -1 1
143 134 -1 1
77 133 -1 1
78 133 -1 1
89 131 -1 1
428 130 -1 1
90 130 -1 1
309 126 -1 1
292 126 -1 1
293 125 -1 1
83 125 -1 1
118 124 -1 1
84 124 -1 1
459 124 -1 1
458 124 -1 1
245 124 -1 1
119 124 -1 1
247 122 -1 1
86 122 -1 1
248 121 -1 1
87 121 -1 1
252 119 -1 1
252 118 -1 1
289 117 -1 1
383 116 -1 1
318 115 -1 1
301 115 -1 1
278 114 -1 1
225 113 -1 1
93 112 -1 1
94 111 -1 1
422 108 -1 1
422 107 -1 1
444 107 -1 1
167 107 -1 1
155 107 -1 1
322 106 -1 1
74 105 -1 1
453 104 -1 1
277 104 -1 1
100 104 -1 1
73 104 -1 1
74 104 -1 1
323 95 -1 1
384 94 -1 1
350 92 -1 1
380 90 -1 1
380 89 -1 1
318 89 -1 1
279 89 -1 1
425 88 -1 1
341 85 -1 1
329 84 -1 1
329 83 -1 1
161 81 -1 1
469 81 -1 1
206 81 -1 1
205 81 -1 1
470 80 -1 1
425 80 -1 1
205 80 -1 1
469 80 -1 1
149 80 -1 1
149 79 -1 1
148 79 -1 1
147 79 -1 1
148 78 -1 1
288 78 -1 1
288 77 -1 1
450 77 -1 1
193 76 -1 1
192 76 -1 1
65 76 -1 1
66 75 -1 1
65 75 -1 1
449 75 -1 1
219 75 -1 1
219 74 -1 1
291 74 -1 1
292 73 -1 1
449 73 -1 1
450 72 -1 1
449 72 -1 1
371 71 -1 1
382 70 -1 1
324 66 -1 1
350 65 -1 1
350 64 -1 1
352 62 -1 1
437 62 -1 1
434 62 -1 1
433 62 -1 1
353 62 -1 1
433 61 -1 1
437 61 -1 1
342 60 -1 1
428 59 -1 1
428 58 -1 1
310 58 -1 1
390 56 -1 1
389 56 -1 1
390 55 -1 1
357 55 -1 1
413 54 -1 1
414 53 -1 1
413 53 -1 1
420 53 -1 1
419 52 -1 1
406 47 -1 1
