382 512 512
361 472 -1 1
360 471 -1 1
361 471 -1 1
227 462 -1 1
355 460 -1 1
354 459 -1 1
258 459 -1 1
328 449 -1 1
381 449 -1 1
358 448 -1 1
337 448 -1 1
358 447 -1 1
357 447 -1 1
337 447 -1 1
398 442 -1 1
307 438 -1 1
317 435 -1 1
318 434 -1 1
404 434 -1 1
407 432 -1 1
272 431 -1 1
415 422 -1 1
414 422 -1 1
415 421 -1 1
99 417 -1 1
98 417 -1 1
417 416 -1 1
361 416 -1 1
130 416 -1 1
417 415 -1 1
416 415 -1 1
360 415 -1 1
129 415 -1 1
361 415 -1 1
130 415 -1 1
419 414 -1 1
419 413 -1 1
351 413 -1 1
414 413 -1 1
413 412 -1 1
426 407 -1 1
425 407 -1 1
424 407 -1 1
425 406 -1 1
225 406 -1 1
401 406 -1 1
384 406 -1 1
197 402 -1 1
197 401 -1 1
333 400 -1 1
64 398 -1 1
332 397 -1 1
203 392 -1 1
73 392 -1 1
429 392 -1 1
202 392 -1 1
361 390 -1 1
212 389 -1 1
200 389 -1 1
211 389 -1 1
199 389 -1 1
436 387 -1 1
435 387 -1 1
104 387 -1 1
436 386 -1 1
353 383 -1 1
142 382 -1 1
55 381 -1 1
436 378 -1 1
237 378 -1 1
237 377 -1 1
200 377 -1 1
221 376 -1 1
220 376 -1 1
347 375 -1 1
171 372 -1 1
89 372 -1 1
56 372 -1 1
170 371 -1 1
293 369 -1 1
183 369 -1 1
241 369 -1 1
241 368 -1 1
177 368 -1 1
176 367 -1 1
287 364 -1 1
259 364 -1 1
252 364 -1 1
288 363 -1 1
287 363 -1 1
252 363 -1 1
305 363 -1 1
49 363 -1 1
163 360 -1 1
71 360 -1 1
71 359 -1 1
70 359 -1 1
388 359 -1 1
388 358 -1 1
387 358 -1 1
56 358 -1 1
126 357 -1 1
125 357 -1 1
72 357 -1 1
71 355 -1 1
212 354 -1 1
173 354 -1 1
133 354 -1 1
173 353 -1 1
71 353 -1 1
70 352 -1 1
181 351 -1 1
198 350 -1 1
368 349 -1 1
71 348 -1 1
71 347 -1 1
138 345 -1 1
158 344 -1 1
92 343 -1 1
459 342 -1 1
49 341 -1 1
338 340 -1 1
323 340 -1 1
338 339 -1 1
331 339 -1 1
354 338 -1 1
197 338 -1 1
121 338 -1 1
354 337 -1 1
197 337 -1 1
353 337 -1 1
374 336 -1 1
128 334 -1 1
375 334 -1 1
95 332 -1 1
281 332 -1 1
94 332 -1 1
377 331 -1 1
376 331 -1 1
377 330 -1 1
69 329 -1 1
54 328 -1 1
339 328 -1 1
78 328 -1 1
359 327 -1 1
462 323 -1 1
214 323 -1 1
463 322 -1 1
462 322 -1 1
266 322 -1 1
213 322 -1 1
131 322 -1 1
354 320 -1 1
322 320 -1 1
97 319 -1 1
327 319 -1 1
323 319 -1 1
298 319 -1 1
42 319 -1 1
327 318 -1 1
326 318 -1 1
203 318 -1 1
465 317 -1 1
203 317 -1 1
199 316 -1 1
200 315 -1 1
199 315 -1 1
77 314 -1 1
248 312 -1 1
376 312 -1 1
247 312 -1 1
373 311 -1 1
372 310 -1 1
275 309 -1 1
265 306 -1 1
159 305 -1 1
158 305 -1 1
159 304 -1 1
64 304 -1 1
49 303 -1 1
468 302 -1 1
351 302 -1 1
256 302 -1 1
468 301 -1 1
433 301 -1 1
432 301 -1 1
433 300 -1 1
257 300 -1 1
393 297 -1 1
273 295 -1 1
443 292 -1 1
441 290 -1 1
440 290 -1 1
47 283 -1 1
351 281 -1 1
170 275 -1 1
62 275 -1 1
213 273 -1 1
50 272 -1 1
219 270 -1 1
470 269 -1 1
469 269 -1 1
218 268 -1 1
79 265 -1 1
79 264 -1 1
78 264 -1 1
227 261 -1 1
206 261 -1 1
207 260 -1 1
59 257 -1 1
50 256 -1 1
453 255 -1 1
462 251 -1 1
127 251 -1 1
464 251 -1 1
463 250 -1 1
464 250 -1 1
65 250 -1 1
64 250 -1 1
284 249 -1 1
239 241 -1 1
263 238 -1 1
254 238 -1 1
253 237 -1 1
254 237 -1 1
57 237 -1 1
56 237 -1 1
52 235 -1 1
78 234 -1 1
120 234 -1 1
112 234 -1 1
70 234 -1 1
255 232 -1 1
113 232 -1 1
213 231 -1 1
180 231 -1 1
214 231 -1 1
153 230 -1 1
240 229 -1 1
227 229 -1 1
173 229 -1 1
227 228 -1 1
174 228 -1 1
272 227 -1 1
45 226 -1 1
279 225 -1 1
304 224 -1 1
304 223 -1 1
92 223 -1 1
221 223 -1 1
193 223 -1 1
221 222 -1 1
193 222 -1 1
143 221 -1 1
198 218 -1 1
198 217 -1 1
365 217 -1 1
364 216 -1 1
256 216 -1 1
90 215 -1 1
79 215 -1 1
69 215 -1 1
193 214 -1 1
162 214 -1 1
415 214 -1 1
233 214 -1 1
120 213 -1 1
120 212 -1 1
177 210 -1 1
197 209 -1 1
145 209 -1 1
56 209 -1 1
146 208 -1 1
266 207 -1 1
405 205 -1 1
190 205 -1 1
191 204 -1 1
466 202 -1 1
246 202 -1 1
246 201 -1 1
133 201 -1 1
81 201 -1 1
292 200 -1 1
81 200 -1 1
67 200 -1 1
110 200 -1 1
243 199 -1 1
242 198 -1 1
272 198 -1 1
379 197 -1 1
224 195 -1 1
435 194 -1 1
161 194 -1 1
435 193 -1 1
395 193 -1 1
395 192 -1 1
394 192 -1 1
406 191 -1 1
114 190 -1 1
265 186 -1 1
288 184 -1 1
267 184 -1 1
287 184 -1 1
368 183 -1 1
220 181 -1 1
102 181 -1 1
65 177 -1 1
255 175 -1 1
265 174 -1 1
140 174 -1 1
180 172 -1 1
257 172 -1 1
258 171 -1 1
257 171 -1 1
64 160 -1 1
118 159 -1 1
189 156 -1 1
165 154 -1 1
205 150 -1 1
204 150 -1 1
79 149 -1 1
190 146 -1 1
190 145 -1 1
289 144 -1 1
288 143 -1 1
413 141 -1 1
70 141 -1 1
413 140 -1 1
70 140 -1 1
128 140 -1 1
130 139 -1 1
131 139 -1 1
88 139 -1 1
372 137 -1 1
256 137 -1 1
372 136 -1 1
154 136 -1 1
194 135 -1 1
92 134 -1 1
161 134 -1 1
93 134 -1 1
174 129 -1 1
231 129 -1 1
230 128 -1 1
231 128 -1 1
231 127 -1 1
232 127 -1 1
104 121 -1 1
325 120 -1 1
324 120 -1 1
237 120 -1 1
156 120 -1 1
109 120 -1 1
109 119 -1 1
182 119 -1 1
181 119 -1 1
181 118 -1 1
214 118 -1 1
356 114 -1 1
177 111 -1 1
176 111 -1 1
161 108 -1 1
210 105 -1 1
124 103 -1 1
172 101 -1 1
225 101 -1 1
219 92 -1 1
140 88 -1 1
328 87 -1 1
328 86 -1 1
167 86 -1 1
338 84 -1 1
338 83 -1 1
331 78 -1 1
331 77 -1 1
161 76 -1 1
138 76 -1 1
365 68 -1 1
365 67 -1 1
362 65 -1 1
362 64 -1 1
266 61 -1 1
